0.0 0.0 0.0 
0.0 0.0 0.0 
0.0 0.0 0.0 
0.0 0.0 0.0 
0.0 0.0 0.0 
0.0 0.0 0.0 
0.0 0.0 0.0 
0.0 0.0 0.0 
5.914200316087994 5.345280935604051 -10.100465444449194 
-498.75 1.9286376741802087 5.465819882504761 
0.0 0.0 0.0 
0.0 0.0 0.0 
6.5078125 -489.77934497646527 -874.1 
-499.1 63.5125 0.0 
3.425 0.0 0.0 
0.0 0.0 0.0 
3.75 1.2937500000000002 5.907030391490718 
-497.40000000000003 0.9 6.43385009765625 
4.91376953125 0.0 0.0 
0.0 0.0 0.0 
5.014464950561523 0.9 -874.26875 
0.0 1.546875 0.0 
4.375 0.0 -499.1 
0.0 0.0 3.3437500000000004 
0.0 0.0 0.0 
0.0 0.0 0.0 
0.0 0.0 0.0 
0.0 0.0 0.0 
0.0 0.0 0.0 
0.0 0.0 0.0 
0.0 0.0 0.0 
0.0 0.0 0.0 
72.55072766059803 5.03639441282836 1.799560546875 
-311.0375 6.117682954864612 2.99287109375 
60.23863220214844 0.0 0.0 
-312.5 0.0 0.9 
0.0 3.0857177734375 -497.45 
4.146875 0.0 0.0 
0.0 0.0 0.45 
0.0 0.9 0.0 
0.8504786631857943 0.5568359404919385 0.43384264546940554 
-499.55 0.3203125 1.82412109375 
0.0 0.0 0.0 
-500.0 -499.55 0.0 
0.8474572896957397 0.0 -873.4250000000001 
0.0 0.0 0.0 
0.0 -500.0 0.0 
0.0 0.0 0.0 
1.1888745076008305 1.1254403127008246 0.6841003646284551 
-749.55 3.75 0.22581663224846124 
0.173291015625 -999.209358215332 1.0074238128043362 
0.0 0.0 1.2375 
5.222333407840597 0.45000216500549395 -951.95625 
0.0 0.0 0.0 
0.225 -749.55 -874.1 
1.3148309022188187 2.05421142578125 0.7029353123539479 
0.0 0.0 0.0 
0.0 0.0 0.0 
0.0 0.0 0.0 
0.0 0.0 0.0 
0.0 0.0 0.0 
0.0 0.0 0.0 
0.0 0.0 0.0 
0.0 0.0 0.0 
1.7996284401044185 6.7999999999607095 4.320979118870009 
-982.6875 5.900000049872286 2.920042328015199 
0.0006591796875 -936.65625 315.4492611810274 
-499.1 -749.325 1.800000012732312 
1.8250549776479472 -119.60625 -377.29511718750007 
0.0 0.9 -373.71562499999993 
4.2982421875 0.0 498.3984375 
0.45 0.0 0.0 
0.7091607563911522 2.6174599171168715 0.814918439140319 
-999.1070312486728 2.1503311158136063 0.8086002424729792 
0.0 0.0 2.5 
0.0 0.0 0.0 
0.7619549050927162 6.676714396908924 -937.5 
-500.0 0.0 -500.0 
3.4 -500.0 -500.0 
0.0 0.0 0.0 
0.251623841744854 1.4683464601767444 0.8486290462704119 
-999.1290021896363 1.4625017166694305 0.8989830306513988 
0.16215131156532153 -995.93203125 2.2477006006170948 
-991.3296875000001 -991.30859375 3.4001102330345025 
0.0 0.73138427734375 -500.0 
0.0 0.9 0.0 
0.0 0.0 0.0 
0.858362343220506 1.108951171474473 1.0244140625 
0.0 0.0 0.0 
0.0 0.0 0.0 
0.0 0.0 0.0 
0.0 0.0 0.0 
0.0 0.0 0.0 
0.0 0.0 0.0 
0.0 0.0 0.0 
0.0 0.0 0.0 
0.0 0.0 0.0 
0.0 0.0 0.0 
0.0 0.0 0.0 
0.0 0.0 0.0 
0.0 0.0 0.0 
0.0 0.0 0.0 
0.0 0.0 0.0 
0.0 0.0 0.0 
0.0 0.0 0.0 
0.0 0.0 0.0 
0.0 0.0 0.0 
0.0 0.0 0.0 
0.0 0.0 0.0 
0.0 0.0 0.0 
0.0 0.0 0.0 
0.0 0.0 0.0 
0.0 0.0 0.0 
0.0 0.0 0.0 
0.0 0.0 0.0 
0.0 0.0 0.0 
0.0 0.0 0.0 
0.0 0.0 0.0 
0.0 0.0 0.0 
0.0 0.0 0.0 
0.0 0.0 0.0 
0.0 0.0 0.0 
0.0 0.0 0.0 
0.0 0.0 0.0 
0.0 0.0 0.0 
0.0 0.0 0.0 
0.0 0.0 0.0 
0.0 0.0 0.0 
