0.0 0.0 0.0 
0.0 0.0 0.0 
0.0 0.0 0.0 
0.0 0.0 0.0 
0.0 0.0 0.0 
0.0 0.0 0.0 
0.0 0.0 0.0 
0.0 0.0 0.0 
0.02041528971341271 251.35381586234956 0.8858276379022172 
-873.6500000000001 250.46716785430908 2.9504255078616555 
0.0 0.0 0.0 
0.0 0.0 0.0 
0.9 0.0 0.0 
0.0 0.0 0.0 
0.0 0.0 0.0 
0.0 0.0 0.0 
0.8858276367187501 1.1250206002042455 0.4522704413155566 
-500.0 0.0 0.0 
0.0 -873.4250000000001 1.0546874999934517 
0.0 0.0 0.0 
0.675 0.0 -499.1 
0.0 0.0 0.0 
0.0 0.0 0.0 
0.0 0.0 0.6732421875000001 
0.0 0.0 0.0 
0.0 0.0 0.0 
0.0 0.0 0.0 
0.0 0.0 0.0 
0.0 0.0 0.0 
0.0 0.0 0.0 
0.0 0.0 0.0 
0.0 0.0 0.0 
297.47572246028125 0.9439453375018787 1.6312465648341459 
0.0 0.0 0.0 
0.0 -499.1 0.0 
0.0 0.0 0.0 
0.45 0.0 -499.1 
0.0 0.0 0.0 
0.0 0.0 0.0 
0.0 0.0 0.0 
1.3781284483166019 0.056277452408449585 0.5620011824607892 
-499.55 0.0 0.0 
0.0 0.0 0.0 
0.0 0.0 0.0 
1.174688720703125 0.0 0.0 
0.0 0.0 0.0 
0.0 0.0 0.0 
0.0 0.0 0.0 
6.228737528313489e-11 1.357913696818389 6.437399885152748e-07 
-499.55 0.0 0.9010986328125 
0.0 -998.5128400087357 1.3508926394220908 
0.0 -499.1 0.45 
0.0703125 0.0 -750.0 
0.0 0.0 -500.0 
0.0 0.0 -500.0 
0.28631287730167243 0.032739257812500006 0.19851588358232025 
0.0 0.0 0.0 
0.0 0.0 0.0 
0.0 0.0 0.0 
0.0 0.0 0.0 
0.0 0.0 0.0 
0.0 0.0 0.0 
0.0 0.0 0.0 
0.0 0.0 0.0 
0.9000000134143338 0.01439570207148569 0.9152873288880079 
-935.9250000000001 0.7906355040613562 0.9610334396362297 
0.0 -499.1 16.85306930541992 
-748.6500000000001 -874.325 1.3499991416931152 
0.0 0.0 0.0 
0.0 0.0 0.0 
0.0 0.0 0.0 
0.0 0.0 0.0 
0.9004718011651514 1.1390633600423035 1.907359183550522e-05 
-999.1474600328839 1.3500137396156788 1.6751572822837953e-09 
0.0 0.0 0.0 
-500.0 0.0 0.0 
0.0 0.9 -500.0 
-500.0 0.7875000000000001 0.0 
0.0 0.0 0.0 
0.0 0.0 0.0 
1.350000039081701 0.007169437620453728 0.8624785915017128 
-999.3496093757465 1.357038331457443 0.8929673545570942 
0.0 -749.1 0.9000000284982981 
-999.3512142181396 -998.9864807128906 0.8999999999999999 
0.0 0.0 0.0 
0.45 0.0 0.0 
0.0 0.0 0.0 
0.012588622551189133 0.564671516418457 0.017370406693009953 
0.0 0.0 0.0 
0.0 0.0 0.0 
0.0 0.0 0.0 
0.0 0.0 0.0 
0.0 0.0 0.0 
0.0 0.0 0.0 
0.0 0.0 0.0 
0.0 0.0 0.0 
0.0 0.0 0.0 
0.0 0.0 0.0 
0.0 0.0 0.0 
0.0 0.0 0.0 
0.0 0.0 0.0 
0.0 0.0 0.0 
0.0 0.0 0.0 
0.0 0.0 0.0 
0.0 0.0 0.0 
0.0 0.0 0.0 
0.0 0.0 0.0 
0.0 0.0 0.0 
0.0 0.0 0.0 
0.0 0.0 0.0 
0.0 0.0 0.0 
0.0 0.0 0.0 
0.0 0.0 0.0 
0.0 0.0 0.0 
0.0 0.0 0.0 
0.0 0.0 0.0 
0.0 0.0 0.0 
0.0 0.0 0.0 
0.0 0.0 0.0 
0.0 0.0 0.0 
0.0 0.0 0.0 
0.0 0.0 0.0 
0.0 0.0 0.0 
0.0 0.0 0.0 
0.0 0.0 0.0 
0.0 0.0 0.0 
0.0 0.0 0.0 
0.0 0.0 0.0 
