0.0 0.0 0.0 
0.0 0.0 0.0 
0.0 0.0 0.0 
0.0 0.0 0.0 
0.0 0.0 0.0 
0.0 0.0 0.0 
0.0 0.0 0.0 
0.0 0.0 0.0 
0.11271972653747042 254.36328127915385 0.7817431309359917 
-999.6288603320718 274.3973388966466 0.846507646754455 
0.0 0.0 0.0 
0.0 0.0 0.0 
0.84375 250.54144473511582 -991.2734375 
0.0 1.18125 0.0 
0.0 -499.55 0.0 
0.0 0.0 0.0 
0.9562499757491139 0.9000081539416502 0.00023024077518130382 
-999.0940063476562 1.3535293583300718 0.43681640625 
0.0 -998.4286254850236 0.9000066524022259 
-749.55 -498.65000000000003 1.3535980220418424 
0.590625 0.0 -499.1 
0.0 0.0 0.0 
0.0 0.0 0.0 
0.0547409720652563 0.12026166915893555 0.7220365725324882 
0.0 0.0 0.0 
0.0 0.0 0.0 
0.0 0.0 0.0 
0.0 0.0 0.0 
0.0 0.0 0.0 
0.0 0.0 0.0 
0.0 0.0 0.0 
0.0 0.0 0.0 
2.270334768218322 0.9021052651544532 0.33773042889407157 
0.0 0.0 16.496875 
6.7549394667707965 -937.05 0.9562500000000005 
0.0 0.0 0.0 
0.9000411987304688 0.0 -499.55 
0.0 0.0 0.0 
0.815625 0.0 0.0 
0.0 0.0 0.0 
0.9039910810072087 0.2264291381695212 0.11246377613861114 
-500.0 0.3374973745920897 0.0213409423828125 
0.0 0.0 0.0 
0.0 -499.55 0.0 
0.6873115628906794 0.22483515137828258 -999.4285888671875 
0.0 0.675 0.0 
0.0 0.0 0.0 
0.0 0.0 0.0 
0.11898273925258966 1.3782348909452151 0.00549316361639279 
-873.875 0.7734374932944774 7.89642375934818e-05 
0.005273410677909851 -999.087672379613 0.9000034323876414 
0.0 0.0 0.8983245849609376 
0.7262677938545061 0.0 -984.375 
-499.55 0.0 0.0 
0.225 -499.55 -749.1 
0.15812754129448972 0.5692890491992892 0.15443150117844603 
0.0 0.0 0.0 
0.0 0.0 0.0 
0.0 0.0 0.0 
0.0 0.0 0.0 
0.0 0.0 0.0 
0.0 0.0 0.0 
0.0 0.0 0.0 
0.0 0.0 0.0 
0.5097930912394601 0.31268958120534446 0.902195691643908 
-998.2316471421328 0.5281250006344635 0.8997812775254854 
0.0 -937.1625 63.5220703337167 
-996.6828125000001 -936.1500000000001 0.9004777157388231 
0.0 0.0 -499.55 
-749.1 0.0 -499.55 
0.0 0.45 0.0 
0.0 0.0 0.0 
0.1701181713491942 1.3798862461729309 0.0061413737244226715 
-999.9999999966473 0.9000549316407274 0.028124999590727385 
0.0 0.0 0.0 
-749.2125000000001 -499.55 0.0 
0.0 0.933401877433063 -875.0 
-874.55 0.900004754960537 -874.775 
0.0 0.0 0.0 
0.0 0.0 0.0 
0.9000000000008186 0.45002751962175613 0.41396484375 
-999.1000000008121 1.4625068664553371 0.896484316326678 
0.0 -998.6078097121759 3.6258789062500005 
-999.066613579628 -999.9767231464009 0.900109863279613 
0.225 0.768102264404297 -750.0 
-249.55 0.9273284912109374 -624.2125 
0.9 0.0 0.0 
0.9410463527790696 0.04529691078026821 0.07873406437039888 
0.0 0.0 0.0 
0.0 0.0 0.0 
0.0 0.0 0.0 
0.0 0.0 0.0 
0.0 0.0 0.0 
0.0 0.0 0.0 
0.0 0.0 0.0 
0.0 0.0 0.0 
0.0 0.0 0.0 
0.0 0.0 0.0 
0.0 0.0 0.0 
0.0 0.0 0.0 
0.0 0.0 0.0 
0.0 0.0 0.0 
0.0 0.0 0.0 
0.0 0.0 0.0 
0.0 0.0 0.0 
0.0 0.0 0.0 
0.0 0.0 0.0 
0.0 0.0 0.0 
0.0 0.0 0.0 
0.0 0.0 0.0 
0.0 0.0 0.0 
0.0 0.0 0.0 
0.0 0.0 0.0 
0.0 0.0 0.0 
0.0 0.0 0.0 
0.0 0.0 0.0 
0.0 0.0 0.0 
0.0 0.0 0.0 
0.0 0.0 0.0 
0.0 0.0 0.0 
0.0 0.0 0.0 
0.0 0.0 0.0 
0.0 0.0 0.0 
0.0 0.0 0.0 
0.0 0.0 0.0 
0.0 0.0 0.0 
0.0 0.0 0.0 
0.0 0.0 0.0 
