0.0 0.0 0.0 
0.0 0.0 0.0 
0.0 0.0 0.0 
0.0 0.0 0.0 
0.0 0.0 0.0 
0.0 0.0 0.0 
0.0 0.0 0.0 
0.0 0.0 0.0 
0.6750335294529112 133.96435889058733 0.9000001490111547 
-498.9856795344846 1.0125000000000002 1.012060843257858 
0.0 0.0 0.3375 
-249.55 0.0 0.45 
0.8750780735684598 125.67548981551204 -497.96875 
-249.1 1.7897835329174996 -250.0 
3.5125 0.0 0.0 
0.0 0.0 0.0 
0.899995143370677 1.5772659435871077 1.5862752911210367e-07 
-499.2126612549863 0.9628430860117205 0.6472183244236362 
0.50491791127714 -498.3124174935747 1.3779623776674463 
-499.26404113769536 -499.9716378688812 0.9140623927116891 
0.731236278824509 0.0 -483.13750000000005 
-249.1 0.9421875 -249.55 
0.8771484375 0.0 0.0 
-124.53574515720332 -140.13000516337652 63.60980008815558 
0.0 0.0 0.0 
0.0 0.0 0.0 
0.0 0.0 0.0 
0.0 0.0 0.0 
0.0 0.0 0.0 
0.0 0.0 0.0 
0.0 0.0 0.0 
0.0 0.0 0.0 
1.8770020839253159 0.22104756480305776 0.7874992514249357 
0.0 0.45 1.2482980739325287 
0.8938063382753172 -499.31089477539064 0.9215331918094436 
0.0 -250.0 0.9 
0.9001007071431535 0.3462869703638717 -497.5240234375 
0.0 0.914501953125 0.0 
0.44296875 -248.9875 -436.375 
-250.0 0.0 0.0 
1.3510988474104555 0.003515812542063958 0.5062122331733612 
-451.859375 0.4150623949884905 0.4557152779746751 
0.0 0.0 0.0 
-250.0 0.0 0.0 
1.4656997986186915 0.4495330408215267 -498.3446999639882 
-124.775 0.8481458254158497 -186.80390625 
0.6733318399978657 -31.12552490234375 -249.26875 
-249.55 0.0 0.0 
0.0010986345106488216 0.9000034399346997 0.3277462005615378 
-498.70783700987306 1.120448130372921 0.00043952039386572773 
0.22486267760498352 -498.2542733158916 1.7965944528579714 
-467.85 -437.3875 0.9282636174623942 
0.16261259804257683 0.9131286611664171 -499.573835843708 
-249.1 0.7954803466796876 -373.875 
0.42220481914661123 -418.4705810546875 -456.58046875 
-124.96118938367553 -249.4856937331115 -0.24319352914429682 
0.0 0.0 0.0 
0.0 0.0 0.0 
0.0 0.0 0.0 
0.0 0.0 0.0 
0.0 0.0 0.0 
0.0 0.0 0.0 
0.0 0.0 0.0 
0.0 0.0 0.0 
0.9001414144548794 0.23951713440188388 36.976563461738486 
-498.2050674287601 0.9281250000024621 0.9000000008381899 
0.0 -498.5000159824064 251.0124862861427 
-498.19639772421215 -499.92648375312274 1.7980742514133454 
0.0 1.174089527130127 -375.0 
-249.1 1.125 -250.0 
0.0 -249.55 -250.0 
0.0 0.0 0.0 
0.4348663340817439 0.9281284332537454 2.539137172698963 
-498.2140624995547 0.900880622871955 0.00043601989829226875 
0.0 0.0 0.0 
-62.5 -100.45087585449218 0.9379420174484256 
0.28894869614716134 0.9000114602702971 -499.94179956360506 
-498.73383789062495 0.9264392886319017 -499.717943572998 
0.5765625000000001 -250.0 -249.55 
-249.55 -249.55 -249.55 
0.9703142166407879 0.9000566578944049 0.8964843749406044 
-498.3124982833731 0.9000077247622731 0.90175783932209 
0.46318675202471693 -498.4529602051317 0.9276860263172171 
-498.9883514404232 -499.9580305115498 0.9000000528059899 
0.02995123863220215 0.8450666588789308 -491.7515625 
-437.275 1.3638564904755175 -374.32500000000005 
0.87357177734375 -249.55 0.0 
-312.30645745827394 -249.4074646630293 -124.02298072320373 
0.0 0.0 0.0 
0.0 0.0 0.0 
0.0 0.0 0.0 
0.0 0.0 0.0 
0.0 0.0 0.0 
0.0 0.0 0.0 
0.0 0.0 0.0 
0.0 0.0 0.0 
0.0 0.0 0.0 
0.0 0.0 0.0 
0.0 0.0 0.0 
0.0 0.0 0.0 
0.0 0.0 0.0 
0.0 0.0 0.0 
0.0 0.0 0.0 
0.0 0.0 0.0 
0.0 0.0 0.0 
0.0 0.0 0.0 
0.0 0.0 0.0 
0.0 0.0 0.0 
0.0 0.0 0.0 
0.0 0.0 0.0 
0.0 0.0 0.0 
0.0 0.0 0.0 
0.0 0.0 0.0 
0.0 0.0 0.0 
0.0 0.0 0.0 
0.0 0.0 0.0 
0.0 0.0 0.0 
0.0 0.0 0.0 
0.0 0.0 0.0 
0.0 0.0 0.0 
0.0 0.0 0.0 
0.0 0.0 0.0 
0.0 0.0 0.0 
0.0 0.0 0.0 
0.0 0.0 0.0 
0.0 0.0 0.0 
0.0 0.0 0.0 
0.0 0.0 0.0 
