2.1316053134301614 2.5627598174774153 3.2813855558634946 
0.0 0.0 0.0 
0.0 0.0 0.0 
-912.0 2.6407013659664367 3.0665513286495547 
2.531502740590675 -1127.5 4.008789316052599 
0.0 0.0 0.0 
0.0 0.0 0.0 
-25.0 -30.0 3.000282302732103 
0.0 0.0 0.0 
0.0 0.0 0.0 
0.0 0.0 0.0 
0.0 0.0 0.0 
0.0 0.0 0.0 
0.0 0.0 0.0 
0.0 0.0 0.0 
0.0 0.0 0.0 
0.0 0.0 0.0 
0.0 0.0 0.0 
0.0 0.0 0.0 
0.0 0.0 0.0 
0.0 0.0 0.0 
0.0 0.0 0.0 
0.0 0.0 0.0 
0.0 0.0 0.0 
1.5637399038899176 2.0235827012222263 -547.5 
0.0 0.0 0.0 
0.0 0.0 0.0 
-2.5 1.625 -7.5 
1.5039399378001725 -25.0 -25.0 
0.0 0.0 0.0 
0.0 0.0 0.0 
2.0196553564315427 3.0635078570421843 3.2502155612772023 
3.160286219831337 2.5639751259224273 3.063736208395327 
0.0 0.0 0.0 
0.0 0.0 0.0 
-932.5 2.4551096136004014 2.945436959213154 
2.2893228649791872 -942.5 3.0019531250596265 
0.0 0.0 0.0 
0.0 0.0 0.0 
-17.5 -27.5 3.267597885842264 
0.0 0.0 0.0 
0.0 0.0 0.0 
0.0 0.0 0.0 
0.0 0.0 0.0 
0.0 0.0 0.0 
0.0 0.0 0.0 
0.0 0.0 0.0 
0.0 0.0 0.0 
0.0 0.0 0.0 
0.0 0.0 0.0 
0.0 0.0 0.0 
0.0 0.0 0.0 
0.0 0.0 0.0 
0.0 0.0 0.0 
0.0 0.0 0.0 
0.0 0.0 0.0 
1.8184378763628826 2.563478470315893 -497.0 
0.0 0.0 0.0 
0.0 0.0 0.0 
-2.5 1.0 -2.5 
1.5318642859620013 -42.5 -17.5 
0.0 0.0 0.0 
0.0 0.0 0.0 
2.049894545377035 3.189648315815109 3.134050788367894 
2.9406938600024346 4.627946408941652 3.219238285033733 
0.0 0.0 0.0 
0.0 0.0 0.0 
-1172.0 2.6409969485008604 3.5100135971515574 
2.0845358419039015 -1202.5 3.07862202148317 
0.0 0.0 0.0 
0.0 0.0 0.0 
-45.0 -30.0 3.000023126632187 
0.0 0.0 0.0 
0.0 0.0 0.0 
0.0 0.0 0.0 
0.0 0.0 0.0 
0.0 0.0 0.0 
0.0 0.0 0.0 
0.0 0.0 0.0 
0.0 0.0 0.0 
0.0 0.0 0.0 
0.0 0.0 0.0 
0.0 0.0 0.0 
0.0 0.0 0.0 
0.0 0.0 0.0 
0.0 0.0 0.0 
0.0 0.0 0.0 
0.0 0.0 0.0 
1.5332684833907175 2.502045638867145 -762.0 
0.0 0.0 0.0 
0.0 0.0 0.0 
-2.5 0.0 -2.5 
1.0625020434528096 -40.0 -25.0 
0.0 0.0 0.0 
0.0 0.0 0.0 
2.6263223365727524 3.6587850770494086 3.0000785104935237 
2.8772367044644676 2.6885472537347415 3.0049534068412527 
0.0 0.0 0.0 
0.0 0.0 0.0 
-1046.5 3.289704386219584 4.168353260554145 
2.7589918156611564 -1157.5 3.408478800207409 
0.0 0.0 0.0 
0.0 0.0 0.0 
-20.0 -35.0 3.500000033709494 
0.0 0.0 0.0 
0.0 0.0 0.0 
0.0 0.0 0.0 
0.0 0.0 0.0 
0.0 0.0 0.0 
0.0 0.0 0.0 
0.0 0.0 0.0 
0.0 0.0 0.0 
0.0 0.0 0.0 
0.0 0.0 0.0 
0.0 0.0 0.0 
0.0 0.0 0.0 
0.0 0.0 0.0 
0.0 0.0 0.0 
0.0 0.0 0.0 
0.0 0.0 0.0 
1.5471384940411868 2.0393109325418664 -607.0 
0.0 0.0 0.0 
0.0 0.0 0.0 
0.5 1.25 -5.0 
1.0938186655440085 -27.5 -32.5 
0.0 0.0 0.0 
0.0 0.0 0.0 
2.6631262384554493 2.7242444539679784 3.0632706722267193 
