0.0 0.0 0.0 
0.0 0.0 0.0 
0.0 0.0 0.0 
0.0 0.0 0.0 
0.0 0.0 0.0 
0.0 0.0 0.0 
0.0 0.0 0.0 
0.0 0.0 0.0 
0.22500061547035705 250.51152689624578 0.9210870325567242 
-997.68046875 250.9076442930174 0.9030566379743594 
0.0 0.0 0.0 
0.0 0.0 0.0 
0.625 0.0 -500.0 
-500.0 0.0 0.0 
0.0 0.0 0.0 
0.0 0.0 0.0 
0.8771420269157191 1.3570346882599615 0.04262778628535653 
-499.1 0.0 0.5062497854232788 
0.887255859375 -998.855859375 0.9005774812795899 
-499.55 -500.0 0.0 
0.675 0.0 -500.0 
0.0 0.0 0.0 
0.0 0.0 0.0 
0.5946239281955059 0.45 0.39375000000000004 
0.0 0.0 0.0 
0.0 0.0 0.0 
0.0 0.0 0.0 
0.0 0.0 0.0 
0.0 0.0 0.0 
0.0 0.0 0.0 
0.0 0.0 0.0 
0.0 0.0 0.0 
1.1178084123083218 0.5065598864879128 0.901761458182591 
-499.1 0.0 0.0 
0.0 0.0 1.7999982833862305 
0.0 0.0 0.0 
1.2937500000000002 0.0 -500.0 
0.0 0.0 0.0 
0.0 0.0 0.0 
0.0 0.0 0.0 
0.8441879644992014 0.00010991179098352537 0.4498077391530385 
0.0 1.125 0.0 
0.0 0.0 0.0 
0.0 0.0 0.0 
0.9265869147821022 0.0 -936.88125 
0.0 0.0 0.0 
0.0 0.0 0.0 
0.0 0.0 0.0 
0.0015380859375000002 0.9562568949601995 0.16869704062119087 
-500.0 1.125178527412936 0.675 
0.0 -999.7851074217715 1.3513320924947263 
0.0 0.0 0.8859375 
0.3005722045898438 0.896702813995762 -968.075 
0.45 0.0 0.0 
0.0 -499.1 -750.0 
0.03828574373106025 0.025065546370039674 0.004753192962380126 
0.0 0.0 0.0 
0.0 0.0 0.0 
0.0 0.0 0.0 
0.0 0.0 0.0 
0.0 0.0 0.0 
0.0 0.0 0.0 
0.0 0.0 0.0 
0.0 0.0 0.0 
1.4361062083458838 0.013806170942876282 0.9208891123526086 
-999.9999997671694 1.1250001000473278 1.1249864816665642 
0.0 -750.0 1.388282966604169 
-750.0 -875.0 0.9008771899337662 
0.0 0.0 0.0 
0.0 0.0 0.0 
0.0 0.0 0.0 
0.0 0.0 0.0 
0.017579915381079107 0.4481322101732985 1.1254996934439056e-12 
-998.9031247854233 0.9000068664550782 2.7977620220553948e-15 
0.0 0.0 0.0 
0.0 0.0 0.0 
0.45 0.8973358154296875 -875.0 
0.0 1.0116215161979198 0.0 
0.0 0.0 0.0 
0.0 0.0 0.0 
0.9000003219175199 0.0597725049455253 0.8933528422906325 
-999.9997817755727 1.3500549853406718 0.8999914186075334 
0.88154296875 -999.5497674942017 1.3492687208316057 
-999.5675780910999 -999.0789053019137 0.9000000000000001 
0.140625 0.0 0.0 
0.0 0.45 0.0 
0.0 0.0 0.0 
0.4529558099431264 0.08087868103193784 0.2535846452423197 
0.0 0.0 0.0 
0.0 0.0 0.0 
0.0 0.0 0.0 
0.0 0.0 0.0 
0.0 0.0 0.0 
0.0 0.0 0.0 
0.0 0.0 0.0 
0.0 0.0 0.0 
0.0 0.0 0.0 
0.0 0.0 0.0 
0.0 0.0 0.0 
0.0 0.0 0.0 
0.0 0.0 0.0 
0.0 0.0 0.0 
0.0 0.0 0.0 
0.0 0.0 0.0 
0.0 0.0 0.0 
0.0 0.0 0.0 
0.0 0.0 0.0 
0.0 0.0 0.0 
0.0 0.0 0.0 
0.0 0.0 0.0 
0.0 0.0 0.0 
0.0 0.0 0.0 
0.0 0.0 0.0 
0.0 0.0 0.0 
0.0 0.0 0.0 
0.0 0.0 0.0 
0.0 0.0 0.0 
0.0 0.0 0.0 
0.0 0.0 0.0 
0.0 0.0 0.0 
0.0 0.0 0.0 
0.0 0.0 0.0 
0.0 0.0 0.0 
0.0 0.0 0.0 
0.0 0.0 0.0 
0.0 0.0 0.0 
0.0 0.0 0.0 
0.0 0.0 0.0 
