0.0 0.0 0.0 
0.0 0.0 0.0 
0.0 0.0 0.0 
0.0 0.0 0.0 
0.0 0.0 0.0 
0.0 0.0 0.0 
0.0 0.0 0.0 
0.0 0.0 0.0 
1.462501368731059 0.45044288740682537 0.33765287374029995 
-499.1132014865056 0.9000000000000001 0.7906249999969017 
0.0 0.0 0.45 
0.0 0.0 0.45 
2.810589599609375 0.0 -249.55 
0.0 0.0 -250.0 
0.0 0.0 0.0 
0.0 0.0 0.0 
0.05625039564901755 0.9070522802081546 1.7999999999999998 
-499.88771962881765 1.35088235289186 0.8998352050781251 
0.0 -499.0447387425095 1.771875000052387 
-498.927490234375 -499.8255859375 0.9000000000081854 
0.703125 0.0 -249.1 
0.0 0.0 0.0 
0.0 0.0 0.0 
0.18686017206342304 0.29784709961631173 0.20627404432731777 
0.0 0.0 0.0 
0.0 0.0 0.0 
0.0 0.0 0.0 
0.0 0.0 0.0 
0.0 0.0 0.0 
0.0 0.0 0.0 
0.0 0.0 0.0 
0.0 0.0 0.0 
0.00021978806466116464 0.030556979774291906 1.7999999999999998 
-250.0 0.0 0.0 
0.0 -499.348738861084 0.9000004559755741 
0.0 0.0 0.0 
0.0 0.260107421875 -249.55 
0.45 0.0 0.0 
0.0 0.0 0.0 
0.0 0.0 0.45 
0.450018373131752 2.2002687734572706 0.4465391700295186 
0.0 0.41896284669637684 0.0 
0.0 0.0 0.0 
0.0 0.0 0.0 
0.7432923595189207 0.0 -490.61249999999995 
0.0 0.0 0.0 
0.7875000000000001 0.0 0.0 
0.0 0.0 0.0 
1.5750000000000002 2.7465820315747434e-05 0.892968738065687 
-249.55 0.9023757934570313 0.7875000000000001 
5.4945051721633266e-05 -499.9991176605225 1.3359916336435322 
-250.0 -250.0 1.0125 
1.0126102958072456 0.0 -497.53984375 
0.0 0.0 0.0 
0.09846689701080322 -374.775 -467.96250000000003 
1.1788766791802177 -0.11436442161627669 -3.8339259722384376 
0.0 0.0 0.0 
0.0 0.0 0.0 
0.0 0.0 0.0 
0.0 0.0 0.0 
0.0 0.0 0.0 
0.0 0.0 0.0 
0.0 0.0 0.0 
0.0 0.0 0.0 
0.8999587814164969 0.05221708323310857 0.05712287484187156 
-499.10034010400483 0.9000068664556038 0.10651169978664257 
0.0 -249.55 0.9035088121858281 
-496.693359375 -497.691796875 0.9422973632812373 
1.125 0.0 -250.0 
0.0 0.0 0.0 
0.0 0.0 0.0 
0.0 0.0 0.0 
1.4214047626017732 1.460084737837359 1.800250244137351 
-500.0 1.3501100778710682 1.3429704533050426 
0.0 0.0 0.0 
-249.43750000000003 0.028125 0.0 
0.225 1.0125017370626666 -249.55 
-374.775 0.8999725341796876 -375.0 
0.0 0.0 0.0 
0.0 0.0 0.0 
0.19784377724346994 0.900054931856721 6.330639685654023 
-500.0 0.9000000008382927 1.7438598632681535 
0.0 -499.99998629391195 0.9050538182258601 
-499.9929685355264 -499.99955716729164 1.7894805906238487 
0.0 0.17929687500000002 -249.55 
-249.55 0.675 -250.0 
0.0 0.0 0.0 
0.40565362727119936 -15.534486780667681 -61.419791409512484 
0.0 0.0 0.0 
0.0 0.0 0.0 
0.0 0.0 0.0 
0.0 0.0 0.0 
0.0 0.0 0.0 
0.0 0.0 0.0 
0.0 0.0 0.0 
0.0 0.0 0.0 
0.0 0.0 0.0 
0.0 0.0 0.0 
0.0 0.0 0.0 
0.0 0.0 0.0 
0.0 0.0 0.0 
0.0 0.0 0.0 
0.0 0.0 0.0 
0.0 0.0 0.0 
0.0 0.0 0.0 
0.0 0.0 0.0 
0.0 0.0 0.0 
0.0 0.0 0.0 
0.0 0.0 0.0 
0.0 0.0 0.0 
0.0 0.0 0.0 
0.0 0.0 0.0 
0.0 0.0 0.0 
0.0 0.0 0.0 
0.0 0.0 0.0 
0.0 0.0 0.0 
0.0 0.0 0.0 
0.0 0.0 0.0 
0.0 0.0 0.0 
0.0 0.0 0.0 
0.0 0.0 0.0 
0.0 0.0 0.0 
0.0 0.0 0.0 
0.0 0.0 0.0 
0.0 0.0 0.0 
0.0 0.0 0.0 
0.0 0.0 0.0 
0.0 0.0 0.0 
