0.0 0.0 0.0 
0.0 0.0 0.0 
0.0 0.0 0.0 
0.0 0.0 0.0 
0.0 0.0 0.0 
0.0 0.0 0.0 
0.0 0.0 0.0 
0.0 0.0 0.0 
0.03757374167004422 314.1620940834355 0.9000000536311348 
-498.2465767841269 1.3989534172437061 0.9000007039868763 
0.0 0.0 0.0 
-249.55 0.0 0.0 
3.517344631329836 1.0125827348664538 -499.0577786445617 
-249.55 141.49857788085936 -250.0 
0.0 -250.0 -249.1 
0.0 0.0 0.0 
2.593617409469352 0.056689882357048506 0.45000000000873097 
-467.9625 0.3238804938506521 0.4264892578125 
0.674560546875 -499.0999999595399 1.012500549852951 
-375.0 -468.665625 0.9000000058800197 
0.8701154257287271 0.0 -250.0 
0.0 0.675 0.0 
3.3437500000000004 -249.55 -249.55 
-249.9160147728755 -249.36297840933108 0.2727939707691974 
0.0 0.0 0.0 
0.0 0.0 0.0 
0.0 0.0 0.0 
0.0 0.0 0.0 
0.0 0.0 0.0 
0.0 0.0 0.0 
0.0 0.0 0.0 
0.0 0.0 0.0 
40.376915666209634 0.7312500015641423 0.014062499999211834 
-374.1 0.0 1.096047592163086 
133.99747602361433 -498.40078125 1.6945312834751747 
-249.55 0.0 0.0 
1.7293151609250117 0.4453369140625 -492.1734375 
0.0 0.0 -249.775 
1.34285888671875 -248.875 -250.0 
0.0 0.0 0.0 
0.881275134372351 0.028126744274053195 0.5322517024898759 
-482.044921875 7.99690507594969 0.0037353515625 
0.0 -250.0 0.0 
0.0 0.0 0.225 
0.8929687755391869 0.05620708125206875 -499.4700990341921 
-249.3267578125 0.235546875 -373.875 
0.8583618164062501 -61.602354764938354 0.0 
0.0 0.0 0.0 
0.2091844082213754 1.3537492994685754 0.08625640544423732 
-499.07158047854904 1.40625 0.4500377655079505 
3.433227539081235e-06 -499.9999999194828 0.9562500398141185 
-250.0 -436.375 0.8999998875253372 
1.3833985062791385 0.7874449610382912 -498.8528361262157 
0.0 0.38583984375 -374.521875 
0.22676789098228076 -465.7984375 -351.05625 
0.5362529372354045 -77.52997897114152 -30.82721748800212 
0.0 0.0 0.0 
0.0 0.0 0.0 
0.0 0.0 0.0 
0.0 0.0 0.0 
0.0 0.0 0.0 
0.0 0.0 0.0 
0.0 0.0 0.0 
0.0 0.0 0.0 
0.11338234324967407 0.0008818216676594689 2.853158492931021 
-498.20000168979163 0.9032534087076785 0.9017578125000001 
0.0 -499.06777158406624 259.1765625519678 
-499.4263916015625 -499.8072143554688 32.20994954191643 
0.66126708984375 0.0 0.0 
0.0 1.40625 0.0 
0.0 -249.55 0.0 
0.0 -250.0 0.0 
0.0999860669053764 1.3535190517447 0.22501317283604294 
-498.2000000000006 0.90703125 0.33750692009843986 
0.0 0.0 0.0 
-124.71875000000001 -374.1616180419922 0.45623840432283663 
0.2322509765625 0.9000000002095476 -499.6200832128525 
-499.0231201171875 0.9000257492130912 -499.71279296875 
0.1546875 0.0 0.0 
0.0 0.0 0.0 
0.8999931336497213 0.11272058822215245 0.5168212898789504 
-500.0 1.350056006253459 0.44650632888140085 
0.899118942085838 -498.282616983872 0.9281116017948308 
-499.9993375002734 -498.25094908281676 0.9002197265625 
0.8803994357585907 0.1068445925339688 -437.5 
-249.1 1.5103127213071277 -374.32500000000005 
0.45 -250.0 -248.87500000000003 
-249.945706809749 -131.98270935070096 0.6269842951247462 
0.0 0.0 0.0 
0.0 0.0 0.0 
0.0 0.0 0.0 
0.0 0.0 0.0 
0.0 0.0 0.0 
0.0 0.0 0.0 
0.0 0.0 0.0 
0.0 0.0 0.0 
0.0 0.0 0.0 
0.0 0.0 0.0 
0.0 0.0 0.0 
0.0 0.0 0.0 
0.0 0.0 0.0 
0.0 0.0 0.0 
0.0 0.0 0.0 
0.0 0.0 0.0 
0.0 0.0 0.0 
0.0 0.0 0.0 
0.0 0.0 0.0 
0.0 0.0 0.0 
0.0 0.0 0.0 
0.0 0.0 0.0 
0.0 0.0 0.0 
0.0 0.0 0.0 
0.0 0.0 0.0 
0.0 0.0 0.0 
0.0 0.0 0.0 
0.0 0.0 0.0 
0.0 0.0 0.0 
0.0 0.0 0.0 
0.0 0.0 0.0 
0.0 0.0 0.0 
0.0 0.0 0.0 
0.0 0.0 0.0 
0.0 0.0 0.0 
0.0 0.0 0.0 
0.0 0.0 0.0 
0.0 0.0 0.0 
0.0 0.0 0.0 
0.0 0.0 0.0 
