0.0 0.0 0.0 
0.0 0.0 0.0 
0.0 0.0 0.0 
0.0 0.0 0.0 
0.0 0.0 0.0 
0.0 0.0 0.0 
0.0 0.0 0.0 
0.0 0.0 0.0 
1.2137359238626297 253.3031585881915 0.9048472794843343 
-498.63604009084895 92.30488506609706 0.9000383615248437 
1.27569580078125 -249.55 0.0 
-249.55 -249.55 0.23200378417968748 
0.41584838832888454 250.90050658629397 -498.61371720149936 
-437.05 1.013421672978391 -492.103125 
1.4997161865234374 -249.55 -249.55 
0.0 0.0 0.0 
0.9015963435173107 0.5065937519085765 0.4517582416534226 
-498.5438450303037 1.0687594480812614 0.8859923846781255 
1.464340064007842e-18 -498.20000000838183 0.9000000067055225 
-498.4487688604355 -498.3051983272147 1.174220252041958 
0.9560303856974088 0.028124140854515638 -499.770263671875 
-374.8875 1.3510618329048159 -374.49375000000003 
0.8437491416622347 -467.2875 -249.1 
-253.35274458614987 -7.905467912582827 -247.87860673593076 
0.0 0.0 0.0 
0.0 0.0 0.0 
0.0 0.0 0.0 
0.0 0.0 0.0 
0.0 0.0 0.0 
0.0 0.0 0.0 
0.0 0.0 0.0 
0.0 0.0 0.0 
1.0072587508284974 0.00040483356222011937 0.4502197265623209 
-452.1828125 0.025976251531392335 0.7342650494765439 
0.8789141640469755 -499.8017775620231 0.910546879138568 
0.0 0.0 0.8992996215820312 
0.7055474881614874 0.9000403657781024 -498.37377834565086 
-249.55 0.6208777308464051 0.0 
0.899915455932605 -355.24375 -397.340625 
0.0 0.0 -249.55 
1.012531173974314 0.0004254788028398626 0.8432006869448743 
-374.0997316648928 0.2267556667356163 0.008378610027379297 
0.9147216796875 0.0 0.0 
-374.32500000000005 0.0 0.007471221820742358 
0.673243206300628 0.4359356203385293 -499.0785813690194 
-373.5645629882813 2.1274301432701375 -397.843359375 
0.5320105445999636 -344.95292968750005 -8.311061082780363 
-140.27890625 -30.603125000000002 -249.32500000000002 
0.057739257812806956 1.3500017166137823 0.225000005029375 
-498.75047852690705 0.902197433682157 0.0008857727083917003 
0.7910152627830938 -498.2140605176797 1.7999999999999998 
-499.1988662719727 -499.18232840225977 1.3829592909451054 
0.020214843695928054 0.4497802722325759 -498.7043569926005 
-124.325 0.4209542444660745 -483.390625 
0.23906335255587582 -333.6433215245622 -135.1472624043925 
-124.46211253456664 -124.72567956102064 0.08286219796104136 
0.0 0.0 0.0 
0.0 0.0 0.0 
0.0 0.0 0.0 
0.0 0.0 0.0 
0.0 0.0 0.0 
0.0 0.0 0.0 
0.0 0.0 0.0 
0.0 0.0 0.0 
0.02110256200999045 0.007412026913145164 0.9070313663774248 
-498.8187500000008 0.9070751428604127 250.87779668755545 
2.5047388937108325e-17 -498.6847638190344 1.022564061882704 
-498.6747810128252 -498.35626707536824 0.9433872206136584 
1.4671761107048966 0.0 -358.75625 
0.0 0.8958287494031538 -249.54999999999998 
0.02109375 0.0 0.0 
-249.6625 0.0 0.0 
0.45000424511968623 1.3500137866067299 9.313225746154795e-09 
-498.2000001072756 2.712500000210379 1.595598653166271e-14 
0.0 -374.32500000000005 0.759375 
0.04697267524524022 -67.45938145087261 0.7314978994889658 
0.3456306104699766 0.8999999999999999 -499.53181892799336 
-499.3294373427999 0.9000000000000001 -499.964761083791 
0.09190257266163826 -374.55 0.0 
-250.0 -124.775 -311.31875 
0.9000001072883606 0.11315982347017517 0.8419613123922318 
-498.2001098632812 0.5378940852665566 0.9000000000001023 
0.8437504559755326 -498.4247802734375 0.9009464970791801 
-498.3124450654265 -498.3687497854248 0.675 
1.372713509254405 0.9275975660059841 -499.6788949660957 
-498.40827465057373 1.0690237995870149 -499.1006853580475 
0.6994263189044319 -286.8158203125 -374.775 
-14.753453839466653 -253.29300030825212 -248.59237524731964 
0.0 0.0 0.0 
0.0 0.0 0.0 
0.0 0.0 0.0 
0.0 0.0 0.0 
0.0 0.0 0.0 
0.0 0.0 0.0 
0.0 0.0 0.0 
0.0 0.0 0.0 
0.0 0.0 0.0 
0.0 0.0 0.0 
0.0 0.0 0.0 
0.0 0.0 0.0 
0.0 0.0 0.0 
0.0 0.0 0.0 
0.0 0.0 0.0 
0.0 0.0 0.0 
0.0 0.0 0.0 
0.0 0.0 0.0 
0.0 0.0 0.0 
0.0 0.0 0.0 
0.0 0.0 0.0 
0.0 0.0 0.0 
0.0 0.0 0.0 
0.0 0.0 0.0 
0.0 0.0 0.0 
0.0 0.0 0.0 
0.0 0.0 0.0 
0.0 0.0 0.0 
0.0 0.0 0.0 
0.0 0.0 0.0 
0.0 0.0 0.0 
0.0 0.0 0.0 
0.0 0.0 0.0 
0.0 0.0 0.0 
0.0 0.0 0.0 
0.0 0.0 0.0 
0.0 0.0 0.0 
0.0 0.0 0.0 
0.0 0.0 0.0 
0.0 0.0 0.0 
