0.0 0.0 0.0 
0.0 0.0 0.0 
0.0 0.0 0.0 
0.0 0.0 0.0 
0.0 0.0 0.0 
0.0 0.0 0.0 
0.0 0.0 0.0 
0.0 0.0 0.0 
2.5979675103156215 256.2411918929539 0.89964369390093 
-499.9999982829315 251.84114753911024 0.787201669534261 
0.0 0.0 0.0 
0.0 -249.55 0.0 
0.035022934526205064 0.0 -375.0 
0.0 250.225 0.0 
0.0 0.0 0.0 
0.0 0.0 0.0 
2.3767929237403465 0.22500858327847378 0.00022594929571510792 
-484.375 0.8438119869177172 1.1531250000000255 
0.0 -499.9980926513672 0.9246128082275391 
-375.0 -250.0 0.8999862670898438 
0.8929687500000001 0.0 -250.0 
0.0 0.0 0.0 
0.0 -250.0 0.0 
0.0 0.0 0.0 
0.0 0.0 0.0 
0.0 0.0 0.0 
0.0 0.0 0.0 
0.0 0.0 0.0 
0.0 0.0 0.0 
0.0 0.0 0.0 
0.0 0.0 0.0 
0.0 0.0 0.0 
63.58947714064724 2.2671087257390177 0.0773368834368739 
0.0 0.0 0.225 
0.09167194366455078 -468.75 0.9017578125000001 
0.0 0.0 0.0 
0.95701904296875 0.0 -250.0 
0.0 0.0 0.0 
0.0 0.0 0.0 
0.0 0.0 0.0 
1.1250381470643338 0.22509771659970296 0.8766403163991945 
-374.32500000000005 0.23109655380249022 0.0 
0.0 0.0 0.0 
0.0 -250.0 0.0 
0.8739624821813763 0.0 -498.046875 
0.0 0.0 0.0 
0.675 0.0 0.0 
0.0 0.0 0.0 
0.457045011041919 1.3508857736480944 2.263111282382298e-07 
-495.5734375 1.3504407410044224 0.0 
0.0 -500.0 1.7463867188023876 
-250.0 -437.5 0.90582275390625 
0.030279544535342685 0.0 -375.0 
-249.55 0.0 0.0 
0.0 -250.0 -250.0 
0.0 0.0 0.0 
0.0 0.0 0.0 
0.0 0.0 0.0 
0.0 0.0 0.0 
0.0 0.0 0.0 
0.0 0.0 0.0 
0.0 0.0 0.0 
0.0 0.0 0.0 
0.0 0.0 0.0 
2.963201262612403e-07 0.30602480622819916 0.8860427631693719 
-499.9999999999858 0.9000937697162521 0.5554687645421039 
0.0 -496.09375 2.3813020825390487 
-492.1875 -498.046875 32.20720831612142 
0.0 0.225 0.0 
0.0 0.0 0.0 
0.0 0.0 0.0 
0.0 0.0 0.0 
0.007253345340727369 1.3500551481051162 2.404935658299461e-05 
-499.9999999999476 0.9000000000000001 0.039076018333435054 
0.0 0.0 0.0 
-249.55 0.0 0.0 
0.743115234375 0.8999999995813142 -468.75 
-375.0 0.9000004291518053 -375.0 
0.0 0.0 0.0 
0.0 -250.0 0.0 
0.9002334594726562 0.02812504044924396 0.8934405616077523 
-500.0 0.90703192140356 0.928344702243326 
0.0 -500.0 1.1266952918457724 
-500.0 -500.0 0.9000000000000001 
0.0 1.4349243164062502 -249.55 
-250.0 1.2937500000000002 0.0 
0.45 0.0 0.0 
0.0 0.0 0.0 
0.0 0.0 0.0 
0.0 0.0 0.0 
0.0 0.0 0.0 
0.0 0.0 0.0 
0.0 0.0 0.0 
0.0 0.0 0.0 
0.0 0.0 0.0 
0.0 0.0 0.0 
0.0 0.0 0.0 
0.0 0.0 0.0 
0.0 0.0 0.0 
0.0 0.0 0.0 
0.0 0.0 0.0 
0.0 0.0 0.0 
0.0 0.0 0.0 
0.0 0.0 0.0 
0.0 0.0 0.0 
0.0 0.0 0.0 
0.0 0.0 0.0 
0.0 0.0 0.0 
0.0 0.0 0.0 
0.0 0.0 0.0 
0.0 0.0 0.0 
0.0 0.0 0.0 
0.0 0.0 0.0 
0.0 0.0 0.0 
0.0 0.0 0.0 
0.0 0.0 0.0 
0.0 0.0 0.0 
0.0 0.0 0.0 
0.0 0.0 0.0 
0.0 0.0 0.0 
0.0 0.0 0.0 
0.0 0.0 0.0 
0.0 0.0 0.0 
0.0 0.0 0.0 
0.0 0.0 0.0 
0.0 0.0 0.0 
0.0 0.0 0.0 
0.0 0.0 0.0 
