0.0 0.0 0.0 
0.0 0.0 0.0 
0.0 0.0 0.0 
0.0 0.0 0.0 
0.0 0.0 0.0 
0.0 0.0 0.0 
0.0 0.0 0.0 
0.0 0.0 0.0 
0.5656387320719661 250.47478227971297 0.9000000001396979 
-999.9999991416931 129.81387940953815 0.475991726903903 
0.0 0.0 0.675 
0.0 0.0 0.675 
0.32925234278343024 250.90000000005728 -999.2145273685455 
-937.275 251.08973388671873 -500.0 
1.6101562500000002 0.0 0.0 
0.0 0.0 0.0 
0.8595497136971175 1.3506661266366806 0.007023552053578895 
-999.5500000001043 0.9140745165060886 0.1687286144122482 
0.00021972671966068446 -1000.0 0.9000236302614213 
-935.9250000000001 -999.0234375 1.3500202172061109 
0.1619403373450169 0.4482421875 -874.8875 
0.0 0.225 0.0 
0.16666259765625002 -500.0 -750.0 
0.0 0.0 0.0 
0.0 0.0 0.0 
0.0 0.0 0.0 
0.0 0.0 0.0 
0.0 0.0 0.0 
0.0 0.0 0.0 
0.0 0.0 0.0 
0.0 0.0 0.0 
0.0 0.0 0.0 
258.7194019969443 1.0834716750306026 0.7874999996330743 
-499.55 0.0 0.5414165496826172 
0.48273500495743127 -998.2012809753419 1.6843965500593443 
-499.55 0.0 0.225 
1.0543254099224868 0.0035552143354104617 -998.046875 
0.0 0.45 0.0 
0.781512451171875 -749.1 0.0 
0.0 0.0 0.0 
1.125027734149303 0.22500112652779292 0.8924692145417794 
-997.0150390625 0.5480206444237837 0.04307362814724438 
0.45 -874.6625 0.0 
0.0 -499.1 0.5203125 
0.8734414237098576 0.4495528292375546 -999.9982422478497 
-874.2125000000001 0.4741973876953125 -500.0 
0.5622802734375 -499.55 -500.0 
0.0 0.0 0.0 
0.11252789512273255 1.350006868145478 0.07031936981982014 
-998.5491429656644 0.9007683458304543 0.45360660567819444 
0.12479272484124522 -999.9999999999984 1.1531456260129744 
-983.559375 -968.75 0.9074987070476881 
0.3365865469960546 0.6185300588575047 -1000.0 
-499.1 0.8997974395751953 -875.0 
0.3322512632926447 -996.2609375000001 -937.5 
-500.0 -500.0 -500.0 
0.0 0.0 0.0 
0.0 0.0 0.0 
0.0 0.0 0.0 
0.0 0.0 0.0 
0.0 0.0 0.0 
0.0 0.0 0.0 
0.0 0.0 0.0 
0.0 0.0 0.0 
0.9035169133183929 0.6751097783036131 8.642247478023776 
-1000.0 0.6750382964033634 63.287500863325654 
0.05625 -1000.0 3.829786883669416 
-999.999999998181 -999.9999990686774 250.9280775342517 
0.023072299920022486 0.0 -874.325 
0.0 1.012060546875 0.0 
0.0 0.0 0.0 
0.0 0.0 0.0 
0.014090502303043139 1.0125276938563308 0.11075850455090404 
-999.99912109375 1.350003433636448 0.0014831475913460695 
0.0 -500.0 0.0 
-749.325 -873.7625 0.9151730120182038 
0.5977596759865915 0.4515380859375 -999.3239816991165 
-999.9999962747097 0.9006866631098092 -999.9750732421875 
1.040625 -499.55 -499.55 
0.0 -499.55 0.0 
0.9562774658399642 0.1126102932761697 0.7593750033687293 
-1000.0 1.6949707299479215 0.67500600180938 
2.3432983795555776e-09 -1000.0 0.9006862213311246 
-999.9999999999869 -1000.0 0.9000000000000001 
0.5624642604355543 0.02151443400050539 -936.825 
-968.3 1.685793688329074 -936.9375 
0.390234375 -499.55 -500.0 
0.0 -499.55 -499.55 
0.0 0.0 0.0 
0.0 0.0 0.0 
0.0 0.0 0.0 
0.0 0.0 0.0 
0.0 0.0 0.0 
0.0 0.0 0.0 
0.0 0.0 0.0 
0.0 0.0 0.0 
0.0 0.0 0.0 
0.0 0.0 0.0 
0.0 0.0 0.0 
0.0 0.0 0.0 
0.0 0.0 0.0 
0.0 0.0 0.0 
0.0 0.0 0.0 
0.0 0.0 0.0 
0.0 0.0 0.0 
0.0 0.0 0.0 
0.0 0.0 0.0 
0.0 0.0 0.0 
0.0 0.0 0.0 
0.0 0.0 0.0 
0.0 0.0 0.0 
0.0 0.0 0.0 
0.0 0.0 0.0 
0.0 0.0 0.0 
0.0 0.0 0.0 
0.0 0.0 0.0 
0.0 0.0 0.0 
0.0 0.0 0.0 
0.0 0.0 0.0 
0.0 0.0 0.0 
0.0 0.0 0.0 
0.0 0.0 0.0 
0.0 0.0 0.0 
0.0 0.0 0.0 
0.0 0.0 0.0 
0.0 0.0 0.0 
0.0 0.0 0.0 
0.0 0.0 0.0 
