0.0 0.0 0.0 
0.0 0.0 0.0 
0.0 0.0 0.0 
0.0 0.0 0.0 
0.0 0.0 0.0 
0.0 0.0 0.0 
0.0 0.0 0.0 
0.0 0.0 0.0 
0.84443357953574 380.04018725886044 0.6637268191552722 
-1000.0 2.914270019531667 0.6752193115949889 
0.45 0.0 0.9294845581054687 
0.0 -499.1 2.084780776500702 
0.859499255541557 0.6838877596442736 -999.9456176741048 
-874.55 24.437699079426267 -991.7375 
1.727410888671875 -499.55 -500.0 
0.0 0.0 0.0 
0.7454772970173886 0.00021982062973410272 0.057364082336425835 
-999.9999999983261 1.3500019337836933 0.4552734370533149 
0.4500000000000071 -1000.0 0.9004465343532533 
-998.4249527797103 -1000.0 1.3486816003918647 
0.9285627367498803 0.1125 -999.979655456543 
0.0 1.293440935367822 -936.7125000000001 
0.8989355178813438 -500.0 -874.55 
0.0 0.0 -499.1 
0.0 0.0 0.0 
0.0 0.0 0.0 
0.0 0.0 0.0 
0.0 0.0 0.0 
0.0 0.0 0.0 
0.0 0.0 0.0 
0.0 0.0 0.0 
0.0 0.0 0.0 
254.3796816293257 0.09851465225226852 0.2566407323253237 
-982.96875 0.18452339154369118 0.017560958862304688 
0.4469237083783597 -998.6491176604965 1.1252055592617471 
-749.325 -749.1 1.2937705993652344 
0.47078979477207883 0.8999004259235275 -999.9999999731779 
0.0 0.9419921874999999 -500.0 
1.877516164650274 -936.6 -937.5 
0.0 0.0 0.0 
0.014095124269444748 0.5624467883273577 0.21796874994761312 
-998.6490413247445 0.14712141731288303 0.289714877947577 
0.0 0.0 0.6093843698501586 
0.0 -499.55 0.04013285750461364 
0.004009205102924135 0.003515386953901611 -998.7203124798843 
-998.12431640625 0.2291447740605597 -874.55 
0.8995566878484162 -968.3 -937.05 
-500.0 -499.55 -500.0 
1.164609253542403 1.0125549316410354 0.8999999966472323 
-998.928544604318 1.3499586939811836 0.09900057797285627 
5.3853727898997574e-08 -998.2 1.7719298746415828 
-999.0466212742031 -998.9881625776645 0.9028441205883744 
1.4625874779188042 0.4500137262020726 -999.3239013637299 
-983.475 0.897033585320687 -936.6 
0.0035156300549005017 -998.987058637799 -999.9999980692306 
-999.3320068359375 -998.8562988281251 -998.841796875 
0.0 0.0 0.0 
0.0 0.0 0.0 
0.0 0.0 0.0 
0.0 0.0 0.0 
0.0 0.0 0.0 
0.0 0.0 0.0 
0.0 0.0 0.0 
0.0 0.0 0.0 
0.1133789098291404 0.9701522027685803 125.26441676468387 
-1000.0 0.9000000812113209 0.5553483544733555 
3.7223127565427915e-25 -999.9999999999984 313.85152513052583 
-1000.0 -999.9999999966473 0.9052629997032029 
0.06591796875 2.044628599827326 -983.8125 
-750.0 0.903956151219024 -967.90625 
0.0755859375 -500.0 -499.55 
0.0 -499.55 0.0 
0.8824373782614778 0.0017578251933860456 3.1785945890240046 
-1000.0 1.351318359375 0.8999999999999999 
0.0 0.0 0.9 
-967.878125 -983.4890625 0.458844213748362 
0.5291552603400921 1.0702880861012098 -999.9344585648853 
-999.9999999997872 1.181251716623592 -999.7539020103025 
0.046616701357340556 -936.76875 -499.1 
-983.75625 -991.30859375 -991.2945312500001 
0.2500076574231579 1.3504943848183193 0.45016643081734037 
-998.2 0.9000002682340078 0.0008789196741386008 
0.16853026829539886 -1000.0 1.125 
-998.2 -1000.0 1.743750013411045 
0.512724758683421 1.4032821800046014 -999.104600930214 
-999.080855435133 1.4984808160988883 -999.1079502269627 
0.8926389011488937 -499.55 -874.6625 
-991.32265625 -995.197265625 -991.5406250000001 
0.0 0.0 0.0 
0.0 0.0 0.0 
0.0 0.0 0.0 
0.0 0.0 0.0 
0.0 0.0 0.0 
0.0 0.0 0.0 
0.0 0.0 0.0 
0.0 0.0 0.0 
0.0 0.0 0.0 
0.0 0.0 0.0 
0.0 0.0 0.0 
0.0 0.0 0.0 
0.0 0.0 0.0 
0.0 0.0 0.0 
0.0 0.0 0.0 
0.0 0.0 0.0 
0.0 0.0 0.0 
0.0 0.0 0.0 
0.0 0.0 0.0 
0.0 0.0 0.0 
0.0 0.0 0.0 
0.0 0.0 0.0 
0.0 0.0 0.0 
0.0 0.0 0.0 
0.0 0.0 0.0 
0.0 0.0 0.0 
0.0 0.0 0.0 
0.0 0.0 0.0 
0.0 0.0 0.0 
0.0 0.0 0.0 
0.0 0.0 0.0 
0.0 0.0 0.0 
0.0 0.0 0.0 
0.0 0.0 0.0 
0.0 0.0 0.0 
0.0 0.0 0.0 
0.0 0.0 0.0 
0.0 0.0 0.0 
0.0 0.0 0.0 
0.0 0.0 0.0 
