0.0 0.0 0.0 
0.0 0.0 0.0 
0.0 0.0 0.0 
0.0 0.0 0.0 
0.0 0.0 0.0 
0.0 0.0 0.0 
0.0 0.0 0.0 
0.0 0.0 0.0 
63.0215633111974 639.1859427905033 152.81053001619995 
-1393.3200358045374 -360.7094808540104 266.24620445010623 
36.75578278225879 -715.9428651017331 -440.51045152022414 
-797.3934062957899 -352.17047020275936 187.3025637807632 
316.16968306276317 -372.24236921008196 -1016.5084418227054 
-784.7065523617985 184.4317747752989 -1109.2513154095886 
115.92811057045334 -28.850792427074794 -655.2837469116159 
-847.5840042302145 -672.1230006536488 -581.1659139704715 
-216.81126042683758 -31.36920919658023 179.2104654829844 
-1253.8032373833166 -150.39932762460245 83.52744083415891 
93.9696678222202 -1056.7774100775696 -377.0443296424305 
-1267.0479463365364 -1004.4553592783127 106.90619752997108 
183.49514719400025 -232.43912716554638 -1410.3647645583665 
-627.9307539292358 70.31571469329401 -1408.5569301227447 
-702.2920547159076 -774.3222124507954 -1189.2437756021504 
-691.1723178506273 -646.715491928934 -988.3920650526388 
0.0 0.0 0.0 
0.0 0.0 0.0 
0.0 0.0 0.0 
0.0 0.0 0.0 
0.0 0.0 0.0 
0.0 0.0 0.0 
0.0 0.0 0.0 
0.0 0.0 0.0 
698.1243889220643 161.09537643284688 63.08048439791922 
-162.41954646717738 -35.891752883930764 94.91509423552522 
141.9887373962518 -1011.0140365452669 -644.0696073311013 
-320.1363608084356 -1265.6013646847273 36.459933613882185 
338.6299335164142 35.267645301532525 -622.6403777260632 
-613.5858980035979 18.618277943411627 -602.3210527775234 
496.6280413647094 -1245.074071358275 -1068.8951696790841 
-993.5839829212927 -857.287135874504 -886.2194813346828 
347.2338352183227 230.30751952349928 143.1728387584606 
-661.9470461746305 222.85397831949587 10.061638555491058 
-197.92827368455457 -632.3391278383499 -629.2265817536772 
-896.7918944180384 -647.8322967876854 228.45251979422048 
351.41465999050376 -74.91388348542137 -815.2414457434875 
-487.88274697929114 -219.13267623176927 -1145.0976413883072 
122.92403114330716 -422.884848422548 -1077.011300991319 
-674.5839605691086 -635.7503470943444 -1006.0737596094507 
214.95011683971813 89.40741159999439 92.27131844518303 
-401.1272127863606 180.171928055642 -192.6230924294431 
-481.6640890724852 -1053.2396395173296 -594.1337210393672 
-1064.5377858002025 -1287.9115957468698 86.69947748487445 
172.229382834607 -466.6116022118037 -1319.7872091170761 
-458.89477681707206 35.337833879981716 -1457.6213055042394 
101.89664850561294 -1117.8684743415902 -1131.7958034019225 
-567.6788835582256 -1519.67455203402 -1320.1601666575245 
0.0 0.0 0.0 
0.0 0.0 0.0 
0.0 0.0 0.0 
0.0 0.0 0.0 
0.0 0.0 0.0 
0.0 0.0 0.0 
0.0 0.0 0.0 
0.0 0.0 0.0 
46.97616477000217 55.683826512980545 597.3807094522001 
-959.5992850975535 47.79307055877449 526.8436765837184 
-636.5520219847158 -1443.574546424843 293.15449927316536 
-751.3812733601517 -567.295910726836 -371.18568453467714 
-3.0277695620023763 101.60778943906304 -286.33799584964567 
-847.8060792347597 -11.752899753846478 -911.460007215393 
87.96093127161174 -1342.5293299702485 -766.5233887253737 
-897.1928398291026 -993.763186149187 -899.3131087136074 
160.1235055743524 154.3666643989547 155.7715230501463 
-1391.5984823341764 -25.348228000091353 171.82924516332372 
-684.7945510978318 -637.8091494077476 -183.0798305986069 
-1025.7924737176613 -376.9863453696075 129.48552985353487 
-332.6110462933369 193.01504481728114 -357.9252927340474 
-1255.7036455759671 -825.3717951362283 -366.49946975808786 
95.73523349898898 -1041.166156487297 -1129.261821294718 
-981.2573663581952 -1206.0073159702442 -850.6401665539657 
-119.04645827507257 -255.56437107963131 153.28504350181868 
-956.6573086249886 166.56967976616232 -283.03514006518725 
16.960597080457063 -1487.2946521055642 132.59382034837432 
-1043.390429320336 -1146.679751117007 108.2619756876249 
141.7439577771134 -57.761163587909635 -353.4230838460799 
-1164.8802766096164 37.28721048448093 -402.42678278571316 
90.7144135951056 -1326.4146356863073 -992.8903486830827 
-1441.247356873011 -1147.5387630953749 -1242.2000471856732 
0.0 0.0 0.0 
0.0 0.0 0.0 
0.0 0.0 0.0 
0.0 0.0 0.0 
0.0 0.0 0.0 
0.0 0.0 0.0 
0.0 0.0 0.0 
0.0 0.0 0.0 
0.0 0.0 0.0 
0.0 0.0 0.0 
0.0 0.0 0.0 
0.0 0.0 0.0 
0.0 0.0 0.0 
0.0 0.0 0.0 
0.0 0.0 0.0 
0.0 0.0 0.0 
0.0 0.0 0.0 
0.0 0.0 0.0 
0.0 0.0 0.0 
0.0 0.0 0.0 
0.0 0.0 0.0 
0.0 0.0 0.0 
0.0 0.0 0.0 
0.0 0.0 0.0 
0.0 0.0 0.0 
0.0 0.0 0.0 
0.0 0.0 0.0 
0.0 0.0 0.0 
0.0 0.0 0.0 
0.0 0.0 0.0 
0.0 0.0 0.0 
0.0 0.0 0.0 
0.0 0.0 0.0 
0.0 0.0 0.0 
0.0 0.0 0.0 
0.0 0.0 0.0 
0.0 0.0 0.0 
0.0 0.0 0.0 
0.0 0.0 0.0 
0.0 0.0 0.0 
