0.0 0.0 0.0 
0.0 0.0 0.0 
0.0 0.0 0.0 
0.0 0.0 0.0 
0.0 0.0 0.0 
0.0 0.0 0.0 
0.0 0.0 0.0 
0.0 0.0 0.0 
72.75211563489354 179.84855969200066 211.3674101472294 
-954.147815703896 -372.7157256832811 46.87009825444441 
-747.5611072287234 -729.7445717491948 105.21445376038248 
-697.155360859701 -920.9855262044821 103.00536837231452 
-265.24274371972956 408.63515083565005 -795.8883188538232 
-911.6098760976556 278.24156719567037 -892.3489397410626 
126.83339435080649 -597.4879712359344 -616.5459575863543 
-873.1763894977782 -916.7970283468148 -908.2754774010577 
62.28967227339433 33.23835696222996 156.47798349913097 
-994.1016835037763 -240.65417258504462 56.75995604467845 
-383.30985179970145 -903.9112114948232 -30.87842377179644 
-972.2914093063519 -960.3750543267802 43.553214551242476 
66.81845741581955 -228.95114731894347 -903.7608377367495 
-889.527956811059 -7.965315161332526 -708.5206592641061 
45.37319107405861 -945.8305151162147 -877.9951819519762 
-895.6341548967498 -904.7113849168882 -904.1483216253046 
0.0 0.0 0.0 
0.0 0.0 0.0 
0.0 0.0 0.0 
0.0 0.0 0.0 
0.0 0.0 0.0 
0.0 0.0 0.0 
0.0 0.0 0.0 
0.0 0.0 0.0 
498.09306937170413 14.33708515406866 118.2477844073123 
-757.6329539457811 -357.23089893010285 66.29128975536965 
804.7535766284119 -917.6734796389175 -524.3468375286002 
-871.4151639464574 -926.9928660305209 14.448469141181686 
826.3896492739821 51.04515005283659 -846.3211840995209 
-831.4647290741578 72.81796859760937 -861.7917910534692 
181.89032574802562 -927.1464001125589 -758.9562088146635 
-922.799978628645 -887.5202616813176 -892.6863141489063 
-281.01841306822797 256.38227097033524 119.37674663562007 
-876.6921179138933 69.63378726429426 116.7969499531041 
-550.6080992578272 -840.003445887011 -259.14737265561666 
-817.9917202534338 -766.6831531424946 134.64772567451666 
-272.6158791198003 -289.9010131035456 -876.3368244826065 
-880.5131161162728 116.20126494622285 -868.9576610631427 
303.1595734196438 -859.0924818050479 -919.8973180528575 
-888.7440310701638 -904.2115346278754 -898.1369653591706 
269.69315763648046 88.06988903589186 -438.0109111615998 
-648.9193647394441 -154.46207499963526 93.88412540024467 
-339.13936322480333 -894.9409077699613 141.02895708303555 
-798.4025401085165 -978.2300487336331 70.45700899961241 
78.22135305325641 34.43996676651416 -902.4704281342736 
-725.1749943041718 87.4900415670644 -915.2343639445214 
178.44398607353853 -742.237153494991 -897.4401215887815 
-1002.2414797962405 -911.313853529922 -873.0712660414363 
0.0 0.0 0.0 
0.0 0.0 0.0 
0.0 0.0 0.0 
0.0 0.0 0.0 
0.0 0.0 0.0 
0.0 0.0 0.0 
0.0 0.0 0.0 
0.0 0.0 0.0 
25.907442002393957 17.58369463594193 223.80482869145635 
-864.1781871418955 49.94727045119964 524.669291117766 
10.720774058279105 -913.9824659937428 -293.53103461507413 
-1012.5762944124688 -885.5448111753456 208.92947533325918 
-187.0450287666435 95.06207189131587 -821.6584837215496 
-869.7607431146693 97.65005817181572 -644.8836001046491 
63.157698842337815 -883.9598599157893 -925.3426005209133 
-849.774125521736 -941.0671591299206 -939.3675800292036 
91.68799115876836 149.67477548338275 102.86753095135293 
-808.0603125734146 106.66175862168714 134.0462996736028 
150.4235437961053 -703.0074117338465 -615.8893081000783 
-770.5451040877704 -809.5523012459362 48.695354268975294 
155.53947143274132 -358.3414651468542 -698.9159121148938 
-798.275273400157 -379.2145609895477 -911.7219834200694 
202.49185372968657 -862.487938879344 -1131.3517153477014 
-920.7894590918811 -947.9936783989631 -979.6776549489158 
46.07592636959193 94.17517731878645 197.01931080737012 
-868.2136555909502 -82.43535565714154 179.816272500595 
74.34988975031237 -800.5640832208924 -206.86121718726594 
-853.3160646235929 -824.1285812136897 110.1100827571191 
-15.858313252771794 188.5187077843171 -918.8373218457762 
-890.6787630484217 132.27801048715773 -878.4384115098644 
85.78071621270674 -1043.1065010327688 -743.2246736749893 
-1021.7194079135259 -962.8448295547402 -892.4188051142966 
0.0 0.0 0.0 
0.0 0.0 0.0 
0.0 0.0 0.0 
0.0 0.0 0.0 
0.0 0.0 0.0 
0.0 0.0 0.0 
0.0 0.0 0.0 
0.0 0.0 0.0 
0.0 0.0 0.0 
0.0 0.0 0.0 
0.0 0.0 0.0 
0.0 0.0 0.0 
0.0 0.0 0.0 
0.0 0.0 0.0 
0.0 0.0 0.0 
0.0 0.0 0.0 
0.0 0.0 0.0 
0.0 0.0 0.0 
0.0 0.0 0.0 
0.0 0.0 0.0 
0.0 0.0 0.0 
0.0 0.0 0.0 
0.0 0.0 0.0 
0.0 0.0 0.0 
0.0 0.0 0.0 
0.0 0.0 0.0 
0.0 0.0 0.0 
0.0 0.0 0.0 
0.0 0.0 0.0 
0.0 0.0 0.0 
0.0 0.0 0.0 
0.0 0.0 0.0 
0.0 0.0 0.0 
0.0 0.0 0.0 
0.0 0.0 0.0 
0.0 0.0 0.0 
0.0 0.0 0.0 
0.0 0.0 0.0 
0.0 0.0 0.0 
0.0 0.0 0.0 
