0.0 0.0 0.0 
0.0 0.0 0.0 
0.0 0.0 0.0 
0.0 0.0 0.0 
0.0 0.0 0.0 
0.0 0.0 0.0 
0.0 0.0 0.0 
0.0 0.0 0.0 
107.69972669489417 459.0318736295932 105.57636193991428 
-1268.75 487.7476795473306 -375.1150703140363 
0.0 -500.0 0.0 
0.0 -500.0 0.0 
322.18952315374486 -305.9156992271957 -1224.3592147276408 
0.0 229.15327875948148 0.0 
0.0 0.0 0.0 
0.0 0.0 0.0 
129.24761368522135 59.343153352120495 30.05912016629273 
-500.0 -74.46221756710588 72.55623239132598 
-495.0 -500.0 178.40790334835287 
-500.0 -750.0 73.4817688565303 
0.0 61.74413553529373 -444.12277160688114 
-500.0 0.0 -852.0626554296346 
154.22125437930714 -500.0 -725.0 
0.0 0.0 -446.38714824979047 
0.0 0.0 0.0 
0.0 0.0 0.0 
0.0 0.0 0.0 
0.0 0.0 0.0 
0.0 0.0 0.0 
0.0 0.0 0.0 
0.0 0.0 0.0 
0.0 0.0 0.0 
426.6846520288603 144.5371022918003 110.38198040513691 
0.0 0.0 113.86787487211491 
-409.6593273249638 0.0 -307.6694253773288 
-500.0 0.0 0.0 
407.67777380079633 38.310396132088876 -750.0 
0.0 0.0 -500.0 
410.9950029265314 -500.0 -875.0 
0.0 0.0 0.0 
113.23157246407705 22.07405385222002 132.0556770191988 
-908.6130251637707 -273.4617110056612 156.51667999767972 
0.0 -500.0 131.88633266277046 
0.0 0.0 162.18102400249796 
162.84383306332853 -106.30614689427875 -1153.9281276504946 
-443.83469589522383 56.80438672219129 0.0 
166.85932185136306 -371.3278538850937 -412.62484432468653 
-500.0 -500.0 0.0 
69.03745878357019 78.51994956827272 110.45603077324061 
-918.0343401011837 86.43320598125096 60.266193612368596 
-350.0642194132591 -984.375 31.286563786821503 
0.0 -500.0 96.84655932728589 
57.39637507291022 20.0441997728645 -997.3824826660261 
-381.80633567086664 187.01089382665003 -1212.5 
39.02164009031828 -975.0 -975.0 
-750.0 -500.0 -500.0 
0.0 0.0 0.0 
0.0 0.0 0.0 
0.0 0.0 0.0 
0.0 0.0 0.0 
0.0 0.0 0.0 
0.0 0.0 0.0 
0.0 0.0 0.0 
0.0 0.0 0.0 
96.63088532541798 143.5254901925211 461.9241266602032 
-713.6143037086395 264.1640661640728 568.8525287001505 
6.4772900974961 -975.0 -246.16035554893296 
0.0 -500.0 113.96803628467242 
44.70546072575724 0.0 0.0 
0.0 0.0 0.0 
0.0 0.0 0.0 
0.0 0.0 0.0 
74.08539677009479 63.82243761915934 88.84427750830883 
-1030.334021964587 92.72627961449822 196.4209214643268 
0.0 0.0 0.0 
-500.0 -500.0 131.77190443150428 
-7.1753260967979315 192.02850285406618 -500.0 
-1087.5 0.0 0.0 
102.45006380601015 -500.0 -500.0 
0.0 0.0 0.0 
98.07723672676806 -96.44232205256029 203.66580659341338 
-1192.2889386831478 7.068010387274796 173.96247025954526 
-383.4631921560858 -1331.25 -270.2435615158992 
0.0 -975.0 171.8847496974489 
73.318346836838 -98.43518662835605 -706.538591510845 
-1100.0 5.723849396054902 -750.0 
23.194099045256706 -500.0 -500.0 
-500.0 -975.0 -750.0 
0.0 0.0 0.0 
0.0 0.0 0.0 
0.0 0.0 0.0 
0.0 0.0 0.0 
0.0 0.0 0.0 
0.0 0.0 0.0 
0.0 0.0 0.0 
0.0 0.0 0.0 
0.0 0.0 0.0 
0.0 0.0 0.0 
0.0 0.0 0.0 
0.0 0.0 0.0 
0.0 0.0 0.0 
0.0 0.0 0.0 
0.0 0.0 0.0 
0.0 0.0 0.0 
0.0 0.0 0.0 
0.0 0.0 0.0 
0.0 0.0 0.0 
0.0 0.0 0.0 
0.0 0.0 0.0 
0.0 0.0 0.0 
0.0 0.0 0.0 
0.0 0.0 0.0 
0.0 0.0 0.0 
0.0 0.0 0.0 
0.0 0.0 0.0 
0.0 0.0 0.0 
0.0 0.0 0.0 
0.0 0.0 0.0 
0.0 0.0 0.0 
0.0 0.0 0.0 
0.0 0.0 0.0 
0.0 0.0 0.0 
0.0 0.0 0.0 
0.0 0.0 0.0 
0.0 0.0 0.0 
0.0 0.0 0.0 
0.0 0.0 0.0 
0.0 0.0 0.0 
