0.0 0.0 0.0 
0.0 0.0 0.0 
0.0 0.0 0.0 
0.0 0.0 0.0 
0.0 0.0 0.0 
0.0 0.0 0.0 
0.0 0.0 0.0 
0.0 0.0 0.0 
138.13709173964588 976.5420155597418 65.40767257293722 
-1313.7400105535971 416.4176710679936 35.15659818946487 
-201.5013254999216 -402.10229091688603 -422.5061579592201 
-762.4296418545512 -344.0484320068158 166.80530850868988 
-116.54643741332846 579.1773513048552 -1092.6471638469316 
-573.958988892597 24.787175371112255 -906.0353975684766 
141.8815746060426 -568.7479552083106 -626.7552843213275 
-1128.676029130762 -893.3904372222094 -795.2313568067659 
78.16436683082584 -124.41259472550915 -29.912607835222733 
-1229.3339229097692 -59.875204536581066 12.985065341259835 
-227.40413947888217 -1228.9698224996469 -290.9431663165851 
-1397.8350236046917 -1279.623190450679 -77.20060532955777 
17.686207079866996 -313.61698940720044 -1046.2089411927361 
-881.8024741474469 2.9270312798253144 -1264.3148003962037 
-17.85098254071866 -1375.5119953611336 -1069.5409488296837 
-1508.1482315242656 -1312.5765146887156 -750.4510073955712 
0.0 0.0 0.0 
0.0 0.0 0.0 
0.0 0.0 0.0 
0.0 0.0 0.0 
0.0 0.0 0.0 
0.0 0.0 0.0 
0.0 0.0 0.0 
0.0 0.0 0.0 
765.4316099778795 8.218955723001088 55.56065528804793 
-479.2495620425647 -106.91065014013147 45.34656499532285 
213.73975896017828 -1203.397388490096 -573.3148343269247 
-1150.9473611547205 -759.4113879341648 121.19141264705945 
369.2794359590247 3.1664314605726283 -529.7773830228625 
-808.2228782658992 70.95326492128183 -1199.4401878697406 
55.969048813813075 -1246.156595186044 -1174.263142142427 
-1276.1224220135227 -1091.4592904382516 -1367.784470780487 
54.61820063452792 325.90530759681707 10.187376562044903 
-361.49220520437234 -0.5955909069123138 75.00041405628133 
-693.5231616508814 -553.4879031318634 -640.078379060272 
-935.7433811033371 -414.8896733017658 132.0537807026635 
138.80988845192877 -158.41744811252693 -1094.191419829739 
-825.1085996769086 33.88816232462334 -1307.3875760455164 
132.75956952409456 -692.9878630091731 -1272.6476521682675 
-670.9826773240698 -1306.4703474817688 -1460.5719050971525 
74.53103341933874 -107.58657666379158 -91.0960104686491 
-530.1069895436912 -327.89743325563416 85.97496519623465 
-544.6425064448794 -1232.8109284409502 -19.101177168500072 
-960.9857474482897 -1314.6959288586927 -137.1197477491993 
134.12149636518353 -217.11533333511733 -1324.4857754955447 
-575.7916620429655 -544.3163157380322 -1130.390171162344 
16.64049903870235 -1228.9321802484549 -1238.4291613094217 
-776.821377910084 -1366.1399258759939 -911.0480776392521 
0.0 0.0 0.0 
0.0 0.0 0.0 
0.0 0.0 0.0 
0.0 0.0 0.0 
0.0 0.0 0.0 
0.0 0.0 0.0 
0.0 0.0 0.0 
0.0 0.0 0.0 
-66.52172682262825 -52.04517612585181 439.2805560661315 
-588.5244336116868 156.3054683232635 127.72870186160543 
-607.349749513342 -1350.6650338396653 -568.8251805242736 
-1380.670550086965 -973.3590505278681 -79.83038644011825 
-46.288917020901046 114.34515940456808 -304.7913439843472 
-1293.712104702901 54.76435817221646 -526.7068378642005 
39.05802566052229 -937.7721958967936 -768.3681873810742 
-1179.1186582184569 -1133.8970525573711 -915.1792403174317 
40.02807087683559 27.253578653202418 55.853178866267314 
-1326.2242831311505 -157.0746438961026 80.70204361268065 
-440.98428391985976 -744.9834230322608 -857.3343707661077 
-637.7465965686591 -366.9856698852247 157.54249807751933 
12.095487815286383 177.31397859015567 -378.3630511522409 
-1428.1180755106136 -574.0582614026232 -370.39240148183126 
153.8119894168649 -424.3989957951844 -944.1658824945996 
-1178.096477985538 -1240.1006029242062 -594.0511748521903 
80.4502341397578 -69.43660321318204 90.94410926973333 
-1134.4997740527144 60.55602186872048 91.52183718217354 
-578.4457155087334 -1328.5032464635074 40.41741423967278 
-1287.4333617003053 -1085.4437770498776 -545.6863244094352 
-255.98687508543293 146.46174273831394 -400.8115170618784 
-1320.3901655366053 97.67535891179287 -622.782657356008 
-3.813043204202202 -1033.3249932609976 -1053.6003150521215 
-1198.5485257507698 -1119.7740107923382 -919.6498131138355 
0.0 0.0 0.0 
0.0 0.0 0.0 
0.0 0.0 0.0 
0.0 0.0 0.0 
0.0 0.0 0.0 
0.0 0.0 0.0 
0.0 0.0 0.0 
0.0 0.0 0.0 
0.0 0.0 0.0 
0.0 0.0 0.0 
0.0 0.0 0.0 
0.0 0.0 0.0 
0.0 0.0 0.0 
0.0 0.0 0.0 
0.0 0.0 0.0 
0.0 0.0 0.0 
0.0 0.0 0.0 
0.0 0.0 0.0 
0.0 0.0 0.0 
0.0 0.0 0.0 
0.0 0.0 0.0 
0.0 0.0 0.0 
0.0 0.0 0.0 
0.0 0.0 0.0 
0.0 0.0 0.0 
0.0 0.0 0.0 
0.0 0.0 0.0 
0.0 0.0 0.0 
0.0 0.0 0.0 
0.0 0.0 0.0 
0.0 0.0 0.0 
0.0 0.0 0.0 
0.0 0.0 0.0 
0.0 0.0 0.0 
0.0 0.0 0.0 
0.0 0.0 0.0 
0.0 0.0 0.0 
0.0 0.0 0.0 
0.0 0.0 0.0 
0.0 0.0 0.0 
