0.0 0.0 0.0 
0.0 0.0 0.0 
0.0 0.0 0.0 
0.0 0.0 0.0 
0.0 0.0 0.0 
0.0 0.0 0.0 
0.0 0.0 0.0 
0.0 0.0 0.0 
-265.80848842535283 673.8754051002336 135.69154126610215 
-851.4144881587439 390.12675567465385 -75.78120504866118 
38.25224980455257 -606.6657824364734 -329.2384522959985 
-927.930141445462 -770.020241003348 171.77651798075016 
365.5093050915026 -179.88032442598785 -803.5271269610956 
-721.6800911962107 340.64601258827213 -856.3069421177742 
115.42575606495554 -762.2193858406481 -1094.0796696783445 
-837.8012222493888 -959.5182746359558 -1088.6936712088977 
-343.0162168575395 -15.075301505171707 124.33129057217323 
-831.8592633260555 75.51947453254162 -208.58352322455386 
-49.52207444219431 -817.0005753034454 175.6489547908679 
-843.8884950453585 -738.1015010045767 86.85582596964957 
130.28756655076614 -376.01924071047443 -814.0308523500264 
-899.660575755192 -13.34483836847442 -874.6648159687794 
-6.967590551713755 -943.3991447953413 -956.1612713870935 
-737.0996416529268 -1064.0143305419174 -959.1844486557632 
0.0 0.0 0.0 
0.0 0.0 0.0 
0.0 0.0 0.0 
0.0 0.0 0.0 
0.0 0.0 0.0 
0.0 0.0 0.0 
0.0 0.0 0.0 
0.0 0.0 0.0 
517.5371612968775 125.41028522678921 72.55374319144546 
-927.982861672643 147.10781112210157 -367.92190970355165 
229.46515885817536 -853.1069599585439 -407.5729605990227 
-984.6612641240343 -900.6473514948943 38.50528043262378 
434.67031958701784 120.28675444149819 -864.7014800364577 
-885.5206291402455 49.58896470843899 -899.822591847957 
300.4066776973625 -976.2259428297896 -959.9237463232961 
-947.993667724264 -953.2214233316618 -678.1416546262918 
428.83927714371487 152.99163849874793 61.71754762743125 
-917.1091038238844 -93.47307478753987 120.27871816029307 
-433.1392898027383 -883.7532802611881 -12.37653125293447 
-879.3508335130173 -692.2338161610841 90.49763481218157 
263.7403575650061 -282.8000321906161 -853.5180401234121 
-778.0656878422915 145.53156533375304 -813.4229180404589 
111.99485379894976 -949.4868635218229 -762.5472133231206 
-995.6241375892707 -762.3410050584857 -963.2068162255798 
100.60836884621662 112.80733778909126 104.42568054962413 
-803.987173174279 104.66168830271997 -80.5062246007655 
166.1986426572651 -969.7268329026476 -411.631504584952 
-882.6014816252938 -983.1946175799206 150.38440936585133 
-113.74736175840903 39.755362560815264 -834.228796117982 
-938.8532733421375 52.57916381196107 -971.8347760668653 
267.1945748875563 -835.5210700391028 -878.0604656532931 
-943.682709453046 -865.3920668158785 -968.0986618174749 
0.0 0.0 0.0 
0.0 0.0 0.0 
0.0 0.0 0.0 
0.0 0.0 0.0 
0.0 0.0 0.0 
0.0 0.0 0.0 
0.0 0.0 0.0 
0.0 0.0 0.0 
102.12741335557641 271.57323622829665 315.7218999971134 
-804.4919021735163 -5.405482285039511 532.7278737213842 
-221.75610469272362 -943.6092222638003 515.9968297393111 
-861.7265813933018 -938.7785537866996 540.6542799268333 
-148.178025518851 128.67636608313998 -958.3703090467549 
-779.117726451246 -37.831456994624745 -802.792769026164 
49.04504915853397 -927.0132381883828 -1018.4002663664427 
-819.6932593355307 -973.8793093077539 -971.4293598542931 
76.94711592286373 146.839898125095 180.26811421525048 
-687.726974004841 84.96537223238951 216.61072644472006 
94.69032623628823 -813.6112512825471 -765.8820471417812 
-902.0831196100839 -785.7999432805202 240.17564506363416 
234.03961223935113 -34.6660561581356 -898.9908127307231 
-895.8544032628959 105.99351165035742 -883.2385100205906 
117.64417198799269 -740.8586252801533 -914.9887370295071 
-1179.8561779565127 -1006.9624360098646 -884.7112301032782 
119.02316932783421 43.314102832140385 358.528555342094 
-853.7531231062904 40.70188437298722 341.9498680715092 
71.41204785914715 -879.4374099091599 147.87465016074924 
-926.627910692974 -886.7424090130168 128.17995140453522 
153.87419412657943 58.08307724767519 -825.2756436520662 
-888.7854378285892 133.55520380388256 -851.022662678419 
76.45195013771203 -868.8715966157688 -900.5073991706035 
-913.0593855285028 -896.8403586929519 -782.8682300744521 
0.0 0.0 0.0 
0.0 0.0 0.0 
0.0 0.0 0.0 
0.0 0.0 0.0 
0.0 0.0 0.0 
0.0 0.0 0.0 
0.0 0.0 0.0 
0.0 0.0 0.0 
0.0 0.0 0.0 
0.0 0.0 0.0 
0.0 0.0 0.0 
0.0 0.0 0.0 
0.0 0.0 0.0 
0.0 0.0 0.0 
0.0 0.0 0.0 
0.0 0.0 0.0 
0.0 0.0 0.0 
0.0 0.0 0.0 
0.0 0.0 0.0 
0.0 0.0 0.0 
0.0 0.0 0.0 
0.0 0.0 0.0 
0.0 0.0 0.0 
0.0 0.0 0.0 
0.0 0.0 0.0 
0.0 0.0 0.0 
0.0 0.0 0.0 
0.0 0.0 0.0 
0.0 0.0 0.0 
0.0 0.0 0.0 
0.0 0.0 0.0 
0.0 0.0 0.0 
0.0 0.0 0.0 
0.0 0.0 0.0 
0.0 0.0 0.0 
0.0 0.0 0.0 
0.0 0.0 0.0 
0.0 0.0 0.0 
0.0 0.0 0.0 
0.0 0.0 0.0 
