0.0 0.0 0.0 
0.0 0.0 0.0 
0.0 0.0 0.0 
0.0 0.0 0.0 
0.0 0.0 0.0 
0.0 0.0 0.0 
0.0 0.0 0.0 
0.0 0.0 0.0 
-4.724728366548264 252.15241631235824 -0.2756018193780188 
-1060.7576345911682 -23.495383876865006 -22.125978380454107 
-31.11750447252478 -1031.212170826434 -63.60537809027702 
-1049.29890154876 -1046.1901802205143 -7.9398174289200885 
-2.14806419405793 -24.531565419749832 -1062.3418551189402 
-1069.0353103925881 -22.124419418177315 -1065.9471148065031 
-15.593815835936141 -1043.9394768199045 -1059.557634303971 
-1063.5039523483038 -1068.6389811354984 -1070.3053322360397 
-2.238689921682499 -12.091581190828336 -17.47873876571435 
-1071.224017685322 -18.94544009197942 -7.669243307709605 
-54.49718161741152 -1070.4581577638749 -29.549722962292144 
-1057.9548866704072 -1070.2085205385774 -26.284314236648704 
-10.38689534888019 -24.185975091094207 -1066.9759427312022 
-1005.3778412243482 -58.43240517007518 -1023.1766431528215 
-33.65780369034705 -1068.8949502631904 -1052.9751383004468 
-1070.7081923035487 -1069.781419234358 -1066.7050679696385 
0.0 0.0 0.0 
0.0 0.0 0.0 
0.0 0.0 0.0 
0.0 0.0 0.0 
0.0 0.0 0.0 
0.0 0.0 0.0 
0.0 0.0 0.0 
0.0 0.0 0.0 
190.43712474746147 -12.15178321537926 -18.736479283964773 
-1031.7765600192859 -19.244213566129787 -0.916303961162917 
-17.48149088252835 -1071.3059840208903 -29.633737012408695 
-1050.7847405938405 -1058.7412007980124 -19.19302267113398 
-7.033635494453383 -20.372987672887778 -1046.5662854665034 
-1027.2159494170762 -47.00582814051029 -1069.304741366861 
-29.528221144842203 -1071.2340447493298 -1064.1768851281188 
-1057.4763298386742 -1051.8865552725301 -1069.8123578260645 
-2.5619585689814124 4.25676390493084 -4.952849774969251 
-1049.190448693251 -29.652181702895632 -0.07713449401929934 
-66.52891508318922 -1027.490390836209 -56.262604406782756 
-1067.846178442106 -1046.1430911858101 -9.736206687531595 
-17.92045944480707 -22.245259476819363 -1070.4498427377375 
-1040.9873807386214 -28.003338591703592 -1071.4222964388337 
-11.551284488958993 -1037.6799824207458 -1065.5818695440594 
-1050.137239424269 -1066.6616057654282 -1068.3914929953964 
-17.018382762438414 -13.219838376813737 -16.355891996389953 
-1033.4059747659244 -32.44718220243573 0.4991618778131288 
-24.814152180590483 -1071.3308202900112 -43.30847406495974 
-1063.7976426213345 -1057.9822092483932 -24.491322148752776 
-3.1406551083656007 -18.46377176135055 -1049.4583223265122 
-1046.2821200548894 -35.73088974184691 -1069.7357577073367 
-26.051279684298443 -1071.4415498740527 -1066.8953411157422 
-1041.3203091273576 -1068.3444466781602 -1063.300203507515 
0.0 0.0 0.0 
0.0 0.0 0.0 
0.0 0.0 0.0 
0.0 0.0 0.0 
0.0 0.0 0.0 
0.0 0.0 0.0 
0.0 0.0 0.0 
0.0 0.0 0.0 
-0.18020123710994618 2.361294273612664 78.86066280122218 
-1061.018560138165 -27.643007826379794 44.314516800315374 
-41.850503058592885 -1069.6608342552784 398.59663023492226 
-1070.3489649526314 -1070.0771144944752 -28.94568870524714 
-11.874462417169186 -9.515041555939453 -1041.1814803694738 
-1070.281544280046 -41.46264427663725 -1038.7671107536041 
-24.9587934118955 -1048.5151552396692 -1035.7707278962534 
-1070.0598949837818 -1063.8988067002792 -1059.1266556892924 
-16.9579921257143 -12.325315474696142 -2.5755072760312805 
-1068.7769809298593 -23.083177551681132 -4.246213101578958 
-29.5749440121637 -1040.993742288848 -49.886438325441745 
-1051.0947908076364 -1039.8586718324498 -39.4710854047733 
0.40869260706267885 -23.54308304058658 -1029.6878153233886 
-1069.9538950663332 -30.12454293362591 -1036.430334111727 
-3.914363434043749 -1041.2498668775656 -1047.3738765418964 
-1063.43471794427 -1068.9550783422173 -1035.2278347361898 
-14.548728586920946 -17.933042488083505 -5.91368749951517 
-1068.443994524933 -20.460216790044743 -18.485588636414157 
-46.69611887764537 -1070.2286236238974 -22.973486912715003 
-1052.4964250981245 -1064.2827156943686 -17.571336885331412 
-2.8666160567496792 -20.955849910085682 -1047.1818293627744 
-1071.376309250591 -29.14199493042255 -1033.2461206668054 
-50.680179077067365 -1064.7427509400732 -1065.0810123519286 
-1065.5544069186649 -1069.6158441131688 -1060.46746940247 
0.0 0.0 0.0 
0.0 0.0 0.0 
0.0 0.0 0.0 
0.0 0.0 0.0 
0.0 0.0 0.0 
0.0 0.0 0.0 
0.0 0.0 0.0 
0.0 0.0 0.0 
0.0 0.0 0.0 
0.0 0.0 0.0 
0.0 0.0 0.0 
0.0 0.0 0.0 
0.0 0.0 0.0 
0.0 0.0 0.0 
0.0 0.0 0.0 
0.0 0.0 0.0 
0.0 0.0 0.0 
0.0 0.0 0.0 
0.0 0.0 0.0 
0.0 0.0 0.0 
0.0 0.0 0.0 
0.0 0.0 0.0 
0.0 0.0 0.0 
0.0 0.0 0.0 
0.0 0.0 0.0 
0.0 0.0 0.0 
0.0 0.0 0.0 
0.0 0.0 0.0 
0.0 0.0 0.0 
0.0 0.0 0.0 
0.0 0.0 0.0 
0.0 0.0 0.0 
0.0 0.0 0.0 
0.0 0.0 0.0 
0.0 0.0 0.0 
0.0 0.0 0.0 
0.0 0.0 0.0 
0.0 0.0 0.0 
0.0 0.0 0.0 
0.0 0.0 0.0 
