0.0 0.0 0.0 
0.0 0.0 0.0 
0.0 0.0 0.0 
0.0 0.0 0.0 
0.0 0.0 0.0 
0.0 0.0 0.0 
0.0 0.0 0.0 
0.0 0.0 0.0 
0.4357199991797192 252.9346669059499 -14.652180171215187 
-1045.5749022031218 -22.150595928951116 -22.87172687546495 
-59.00197028554687 -511.8476987225048 -26.110690730738803 
-773.8220195999029 -898.9892754031653 -33.501656220358264 
-0.27591975963430726 -22.30519413185202 -1047.6973055449253 
-1010.4257313545106 -26.323484044074483 -999.7286634445886 
-2.638459167521193 -905.7149123599739 -803.0358763839746 
-534.2862604270948 -781.9543875837959 -778.4839907937835 
-12.658787229976161 -11.745129223863312 -12.628947111399958 
-1066.220042063746 -24.462256956763355 -0.9671348806743345 
-38.146934618832915 -1032.7782303208498 -41.22801498713081 
-785.5101244342923 -755.6896025625 -28.81960123708422 
-16.730251022998836 -24.957196861339206 -1046.0004887288478 
-500.0 -24.10922029703013 -500.0 
-31.05754251995276 -758.701228959172 -1030.9000478472226 
-522.485021986945 -514.1741854565252 -773.4425741486218 
0.0 0.0 0.0 
0.0 0.0 0.0 
0.0 0.0 0.0 
0.0 0.0 0.0 
0.0 0.0 0.0 
0.0 0.0 0.0 
0.0 0.0 0.0 
0.0 0.0 0.0 
4.186986163569276 -16.50280389381597 -22.62442353855407 
-993.6493144942654 -11.638950745235608 -0.2502301377263323 
-35.54159829707936 -1070.964615166139 -23.568118334427474 
-998.7705824172531 -1035.891638625099 -30.073884708155816 
-1.9752032191764162 -27.82197615817816 -1038.7323975838353 
-753.9270658198894 -25.043126537789565 -896.2612781847877 
-41.85363466253994 -772.2397770531948 -1015.3033387169438 
-913.3249255321543 -937.6427858918579 -965.9097755236195 
-11.892158018304167 -5.252160013570483 -0.8109347571738189 
-1059.0598126489335 -10.328867322946401 -0.7001623169043547 
-23.101887858241927 -517.1095838607068 -60.26726793466307 
-1052.2246122598585 -763.3132661768971 -0.11728678953105232 
-9.751972631049647 -24.371118362504212 -1047.3299221328998 
-1046.028911446674 -51.77799446243958 -1071.253650797119 
-5.665614890832121 -975.3014675614403 -932.5215437679565 
-1058.7888642030443 -1059.5389939411862 -1059.9323681100482 
0.448379146035635 -6.737691360234111 -23.36608019464545 
-1044.889344187713 -10.243815303901108 -0.5070582354906781 
-30.088443502425072 -1071.3577689989256 -36.70590629418139 
-1041.686248782501 -1024.82544953357 -23.05050479994375 
-5.143505652029115 -26.65758511502638 -1062.729105742325 
-1036.1595637995242 -30.539969099292826 -1030.9142423236517 
-22.616255905188407 -1064.4126069796705 -1063.570671203473 
-1039.0186364934325 -1069.7731823447757 -1064.6531421152088 
0.0 0.0 0.0 
0.0 0.0 0.0 
0.0 0.0 0.0 
0.0 0.0 0.0 
0.0 0.0 0.0 
0.0 0.0 0.0 
0.0 0.0 0.0 
0.0 0.0 0.0 
-12.517670051330452 5.480348956298327 15.021991005321006 
-1036.1703329494119 -20.93904271877373 57.781149183184525 
-32.14290765761346 -1071.072657173752 -23.892684690795896 
-758.701228959172 -1058.3339415325456 -22.609710305878565 
0.3383396868504992 -14.626448646394756 -1001.8237729194225 
-505.6896025625 -32.140266779280694 -511.2020955378121 
-27.65782483844783 -500.0 -761.0376156450329 
-1015.7095553728063 -1016.1293145674347 -1024.4951573267658 
-10.108557661537104 -11.567125905393139 -14.868866832821784 
-1065.2317737812784 -22.58494028903809 -1.1771633543198243 
-23.606698586625917 -779.3500293708983 -58.88088999994659 
-1031.1678932854356 -1025.4258661036215 -1.7435597290808147 
-0.5810633980932878 -10.173424681640427 -1028.754705790308 
-1070.8611849753613 -30.386276433465397 -1045.0569024813503 
-8.827079933444429 -1012.2876454703942 -989.1596039072447 
-1061.2013562643972 -1066.4747345820492 -1052.8097864004199 
-23.88859415821379 -12.488499537749997 0.32532027944313735 
-1070.075785914164 -21.422860044574193 -8.221155186032213 
-47.472393215349186 -1071.2906226587954 -19.940663488386 
-1067.6782376497708 -1064.6706255773133 -23.04133422377896 
-29.32468122400155 -8.802557886488035 -1027.241943406909 
-1071.1117140372112 -27.001812718972474 -1034.0793455012006 
-18.54774458580146 -1059.9893970187993 -978.0842479436039 
-1051.1994365492264 -1065.3433695752324 -1052.2693750861254 
0.0 0.0 0.0 
0.0 0.0 0.0 
0.0 0.0 0.0 
0.0 0.0 0.0 
0.0 0.0 0.0 
0.0 0.0 0.0 
0.0 0.0 0.0 
0.0 0.0 0.0 
0.0 0.0 0.0 
0.0 0.0 0.0 
0.0 0.0 0.0 
0.0 0.0 0.0 
0.0 0.0 0.0 
0.0 0.0 0.0 
0.0 0.0 0.0 
0.0 0.0 0.0 
0.0 0.0 0.0 
0.0 0.0 0.0 
0.0 0.0 0.0 
0.0 0.0 0.0 
0.0 0.0 0.0 
0.0 0.0 0.0 
0.0 0.0 0.0 
0.0 0.0 0.0 
0.0 0.0 0.0 
0.0 0.0 0.0 
0.0 0.0 0.0 
0.0 0.0 0.0 
0.0 0.0 0.0 
0.0 0.0 0.0 
0.0 0.0 0.0 
0.0 0.0 0.0 
0.0 0.0 0.0 
0.0 0.0 0.0 
0.0 0.0 0.0 
0.0 0.0 0.0 
0.0 0.0 0.0 
0.0 0.0 0.0 
0.0 0.0 0.0 
0.0 0.0 0.0 
