0.0 0.0 0.0 
0.0 0.0 0.0 
0.0 0.0 0.0 
0.0 0.0 0.0 
0.0 0.0 0.0 
0.0 0.0 0.0 
0.0 0.0 0.0 
0.0 0.0 0.0 
-5.218037712276323 238.46846514084294 -12.65033709511416 
-1070.2288361734413 -13.831810225903869 -14.568626091748024 
-34.14730346786155 -1031.9072427329424 -66.01655019506998 
-919.1790218074502 -976.2038726332438 -18.589395565514813 
-8.192787422719768 -27.736125912630577 -1070.6939242007884 
-1057.8901891549363 -0.8948180864769526 -1062.7965043288264 
-0.31643507989810327 -766.8923546389436 -983.6716516389375 
-1060.5600346626884 -1065.2926327970213 -1065.9726773024076 
-14.377790701520093 -12.82350346986649 -14.525168205669763 
-1070.564351064328 -25.414132089298413 -9.221079300231303 
-48.46535696885971 -1068.8666455975613 -26.093725241582995 
-1066.8311598617713 -977.4525439324318 -30.609969466806078 
-0.2725172004166967 -26.08704380346125 -1070.6955659395103 
-912.1976505695288 -31.742361793394146 -980.6887459428265 
-47.548485055739846 -1016.9745864936826 -1000.067156516774 
-1044.191612707862 -1047.0614390359456 -1040.9711605946359 
0.0 0.0 0.0 
0.0 0.0 0.0 
0.0 0.0 0.0 
0.0 0.0 0.0 
0.0 0.0 0.0 
0.0 0.0 0.0 
0.0 0.0 0.0 
0.0 0.0 0.0 
4.659483530332319 -0.05006415454675206 -1.0712595093122999 
-1043.5481154938414 -27.919464196233406 -0.3590288483860735 
-16.729092053187664 -1071.46045979764 -36.66301460014607 
-1053.3257104678983 -1059.291785899504 -23.189880661114692 
0.7377147089109164 -24.4184316988647 -1043.6292576214278 
-962.4525375993356 -44.729975270049536 -1030.91771674171 
-34.99300315546809 -1050.6113083248183 -1060.91294459146 
-1046.8553924918244 -1062.2465012915848 -1059.7073376347962 
-17.589981452113925 -0.005422337361032287 -12.633419651506363 
-1046.050713688193 -27.160394620999234 -0.8360240506120946 
-62.29407963043268 -778.6147277374753 -40.851055668101466 
-1060.194986904302 -1044.4335528516085 -21.338818564927806 
-3.295219652925009 -12.103396344591824 -1028.3856274315729 
-1041.0785783200827 -32.384318401335406 -1071.8486683847452 
-9.812937277827686 -1043.8127758519422 -1055.3010461602312 
-1051.5427982256483 -1063.1871698885957 -1065.177227884416 
-12.97157616722689 -11.877549859156098 -16.151533154963403 
-1038.506824932112 -3.568487135274233 -26.885350797706664 
-36.71424730294347 -1071.6403456585758 -23.478295474768288 
-1050.1449834138134 -1069.785732998967 -24.315978618529826 
-3.442346377508834 -24.151576471245072 -1041.364188451644 
-1046.1046032659954 -61.990114053316454 -1069.8795321937992 
-33.12966486797525 -1071.5769991755155 -1058.4818837767955 
-1047.5669136258805 -1065.799119852945 -1069.7418731012976 
0.0 0.0 0.0 
0.0 0.0 0.0 
0.0 0.0 0.0 
0.0 0.0 0.0 
0.0 0.0 0.0 
0.0 0.0 0.0 
0.0 0.0 0.0 
0.0 0.0 0.0 
-0.8176562285409212 0.822874342756371 108.67768051488922 
-1054.680983337686 -26.56521746547337 -1.2087304535402068 
-41.26466414193963 -1070.2864550984903 340.4258331184111 
-1066.0521380129082 -1068.8092151483688 51.602946977673014 
-22.3882488697361 -5.465338016536188 -1031.5687902279242 
-993.5401548636034 -35.525239897106836 -993.4571964379556 
-24.82837980062608 -1043.0817892774116 -770.9692220626919 
-1067.0981724207707 -1065.0576030478014 -1052.5146570310474 
-9.053157167671081 3.425161972819006 -5.812313619111729 
-1069.534393848575 -34.12253179555326 -4.55526859212433 
-69.89216810554537 -1011.2877536082792 -22.15636712958903 
-1068.7137174556183 -1055.5743914746713 -12.719912542053214 
0.48950093782027704 -12.146904790679443 -1032.438154970851 
-1070.286340066238 -29.494087680224574 -1047.0504446447235 
-16.617893766974625 -1044.7691637198222 -1063.8238248733326 
-1067.8557245827328 -1068.603283488661 -1060.0562771018353 
-19.1805934858102 -20.99758581358312 -1.1137672971526726 
-1059.1276492889854 -24.291594304508028 -18.088550820236783 
-42.50746205537504 -1070.249327585917 -34.7670687199722 
-1071.7075635173642 -1071.0029704178257 -32.94018188220248 
-23.616703223435746 -7.726699833702405 -1029.449082134691 
-1068.897879750235 -31.11465244193569 -1038.5152833704637 
-20.567758120642175 -1044.5569903264 -1058.7756149177728 
-1063.4682452971365 -1068.4279495845603 -1066.4622888889407 
0.0 0.0 0.0 
0.0 0.0 0.0 
0.0 0.0 0.0 
0.0 0.0 0.0 
0.0 0.0 0.0 
0.0 0.0 0.0 
0.0 0.0 0.0 
0.0 0.0 0.0 
0.0 0.0 0.0 
0.0 0.0 0.0 
0.0 0.0 0.0 
0.0 0.0 0.0 
0.0 0.0 0.0 
0.0 0.0 0.0 
0.0 0.0 0.0 
0.0 0.0 0.0 
0.0 0.0 0.0 
0.0 0.0 0.0 
0.0 0.0 0.0 
0.0 0.0 0.0 
0.0 0.0 0.0 
0.0 0.0 0.0 
0.0 0.0 0.0 
0.0 0.0 0.0 
0.0 0.0 0.0 
0.0 0.0 0.0 
0.0 0.0 0.0 
0.0 0.0 0.0 
0.0 0.0 0.0 
0.0 0.0 0.0 
0.0 0.0 0.0 
0.0 0.0 0.0 
0.0 0.0 0.0 
0.0 0.0 0.0 
0.0 0.0 0.0 
0.0 0.0 0.0 
0.0 0.0 0.0 
0.0 0.0 0.0 
0.0 0.0 0.0 
0.0 0.0 0.0 
