0.0 0.0 0.0 
0.0 0.0 0.0 
0.0 0.0 0.0 
0.0 0.0 0.0 
0.0 0.0 0.0 
0.0 0.0 0.0 
0.0 0.0 0.0 
0.0 0.0 0.0 
0.25837906557103146 256.0106388776761 -0.03619977842220057 
-1063.3726203456608 -21.025260658813252 -0.17791500342181754 
-33.81224648395137 -1010.7435594120336 -52.732006915394265 
-522.3331793629318 -1020.3023153947927 -26.0596065753512 
0.7425695891745667 -24.31543904759544 -1052.6746173909191 
-1055.3157306635578 70.17046627872556 -1068.5153219662984 
-17.895030735755576 -994.1361311694079 -500.0 
-1069.6820920815308 -1069.0764738281914 -1070.001738692561 
-23.53250881279357 -12.021621090110859 -19.678079923299915 
-1058.7419813513172 -26.19215804710813 -13.971501315949954 
-39.119743675366216 -1070.7673670671193 -23.179147282211108 
-1061.6465688796254 -1061.0081155998478 -32.55658456872425 
-34.629899229671004 -30.369106334648546 -1064.4092070663621 
-991.6480273009736 -26.7206112179323 -973.3055507026017 
-29.718747736695526 -1052.6541342205755 -1035.2785995936947 
-1061.577643162942 -1065.0153150422723 -1060.086904279736 
0.0 0.0 0.0 
0.0 0.0 0.0 
0.0 0.0 0.0 
0.0 0.0 0.0 
0.0 0.0 0.0 
0.0 0.0 0.0 
0.0 0.0 0.0 
0.0 0.0 0.0 
107.9696340995124 -0.0650444953697012 -1.2060871721692414 
-1025.8842355007728 -22.14033771890388 -0.47759464883902863 
252.39781673891713 -1071.6078858869635 -27.036035944883814 
-1042.5757196343393 -1024.9932572082644 -23.09708335651846 
10.916233188000847 -28.05611513420895 -1044.5643245932824 
-1022.6794883354047 -42.211437734503505 -1060.0067382721113 
37.884440393239096 -1068.551302046892 -1060.400419361325 
-1049.4294320581475 -1065.9414617456493 -1064.1285657749181 
-11.653325871269537 2.461480091756911 -12.048356475979503 
-1025.780148057875 -6.877670444702408 -38.03217809189689 
-61.70750640626646 -1017.187406737592 -50.239714246617126 
-1054.8323516163994 -1044.1478779599151 -0.36731127332893254 
0.4849455667360292 -29.895588661719664 -1059.7555307028092 
-1043.8182126437553 -28.133651883097638 -1071.6175244475821 
-17.448885900520082 -1045.7202762913166 -1064.338155611357 
-1047.874563110032 -1062.4091418289674 -1066.0544528175033 
-1.2552346687284324 -5.782238772581766 1.069332917827593 
-1041.5042901767156 -27.78012629330621 -6.163919300431502 
-24.910382396338655 -1071.6295064918572 -40.204303018743836 
-1055.0861620559945 -1068.0764324356564 -22.3430509141384 
-5.844299329922045 -30.731565379021696 -1068.8968103115585 
-1040.1769226276456 -39.23241573145018 -1070.2171031932037 
-26.87565845116387 -1070.0528552791338 -1069.3226010868657 
-1035.1030282907254 -1070.0036045553354 -1069.2875449956168 
0.0 0.0 0.0 
0.0 0.0 0.0 
0.0 0.0 0.0 
0.0 0.0 0.0 
0.0 0.0 0.0 
0.0 0.0 0.0 
0.0 0.0 0.0 
0.0 0.0 0.0 
-23.798204266396265 3.208463882975998 43.5921767098514 
-1063.3142992805047 -21.87676181272972 66.70268745872539 
-41.165911199402245 -1070.0198765975092 -22.53324995381379 
-1066.1690740590066 -1066.4116425807192 159.6251731717299 
-6.359145287338753 -19.854280424324116 -1037.3862545738102 
-1066.0827708388865 -32.73125159586898 -1028.0618370236493 
-24.6665500670739 -1054.6579117449883 -500.0 
-1064.2285190406815 -1058.688030119812 -1050.6182522211288 
-11.16037789764349 2.568035848050501 -5.4795444711609225 
-1069.519223208375 -31.458558551049656 -0.2790748378817036 
-17.190013304400974 -1026.8231938298559 -58.34200717078541 
-1069.3366506788234 -1043.2121452372126 -18.92008705762837 
-0.1711212077092043 -32.4161835125338 -1046.8595962950903 
-1070.2616725548571 -29.564707942681075 -1030.267035312796 
-16.332184575879076 -1037.332405917702 -1061.5828351993994 
-1069.80312157342 -1059.5056176054134 -1060.8865195492149 
-13.170035196008442 -13.065854637362115 -4.609665245842421 
-1044.246800734575 -35.52112856327686 -24.002532642574344 
-33.66315475402253 -1070.282085391038 -23.161069116702638 
-1067.7320475319336 -1070.0173817560258 -26.92639075177694 
-29.425132041837752 -2.497552093421353 -1025.3024451845704 
-1065.1812930075657 -27.524697709908764 -1035.0727279096632 
-15.484080096693674 -1051.6356281790522 -1060.6304034268478 
-1058.59254333219 -1069.2325637122517 -1050.4026067154264 
0.0 0.0 0.0 
0.0 0.0 0.0 
0.0 0.0 0.0 
0.0 0.0 0.0 
0.0 0.0 0.0 
0.0 0.0 0.0 
0.0 0.0 0.0 
0.0 0.0 0.0 
0.0 0.0 0.0 
0.0 0.0 0.0 
0.0 0.0 0.0 
0.0 0.0 0.0 
0.0 0.0 0.0 
0.0 0.0 0.0 
0.0 0.0 0.0 
0.0 0.0 0.0 
0.0 0.0 0.0 
0.0 0.0 0.0 
0.0 0.0 0.0 
0.0 0.0 0.0 
0.0 0.0 0.0 
0.0 0.0 0.0 
0.0 0.0 0.0 
0.0 0.0 0.0 
0.0 0.0 0.0 
0.0 0.0 0.0 
0.0 0.0 0.0 
0.0 0.0 0.0 
0.0 0.0 0.0 
0.0 0.0 0.0 
0.0 0.0 0.0 
0.0 0.0 0.0 
0.0 0.0 0.0 
0.0 0.0 0.0 
0.0 0.0 0.0 
0.0 0.0 0.0 
0.0 0.0 0.0 
0.0 0.0 0.0 
0.0 0.0 0.0 
0.0 0.0 0.0 
