0.0 0.0 0.0 
0.0 0.0 0.0 
0.0 0.0 0.0 
0.0 0.0 0.0 
0.0 0.0 0.0 
0.0 0.0 0.0 
0.0 0.0 0.0 
0.0 0.0 0.0 
-4.986204087485698 251.46705105031094 -12.220589913415758 
-1068.9771744062177 -29.086200139062974 -3.508802227165792 
-62.9021390135658 -1024.6182350864576 -53.04119148017335 
-1063.4934706783984 -1024.4458821255162 -23.597609652108005 
0.3192380178817358 -10.945848243519222 -1070.7415598885466 
-1066.648485673028 39.08345084655413 -1062.02286564523 
-15.187484172765032 -972.2463526213159 -1057.4657484026147 
-1064.6780616542214 -1047.3779526457206 -1061.0833042936622 
-13.847745494088734 -12.043483474837666 -12.81646991084024 
-1071.0637542391196 -24.631603015018847 -11.736101288839198 
-38.53187738548557 -1071.8459084828373 -23.299631833103085 
-1068.3547214947548 -1034.3370950308363 -36.13515842335599 
-6.9436256561696625 -27.728135365884263 -1069.9025273314664 
-985.4920412277276 -32.20902673260161 -965.6496171659887 
-34.99423668120597 -1051.6505928593162 -1061.1569408985897 
-1056.8320798017403 -1068.5702028961473 -1067.991213346394 
0.0 0.0 0.0 
0.0 0.0 0.0 
0.0 0.0 0.0 
0.0 0.0 0.0 
0.0 0.0 0.0 
0.0 0.0 0.0 
0.0 0.0 0.0 
0.0 0.0 0.0 
39.059556470214794 -0.42787186098332886 0.5280492156455289 
-1043.9845865805742 -9.578033958756436 -0.012275755981688646 
261.1276265009927 -1071.2956519137047 -26.38194292374181 
-1067.1490254269406 -1068.4435738442735 -23.710662348807 
-2.506989433917671 -24.710011057427344 -1038.484425881627 
-1021.3478315408724 -25.074665481120686 -1068.6081899852024 
-13.209764482392563 -1071.5341688749913 -1062.2265027975725 
-1054.0200716964105 -1070.326085967601 -1069.4106149911568 
-1.0795418608131733 2.0746394471229874 -0.7129848444759844 
-1045.0328252426484 -12.978691986621218 -0.6496888638488758 
-16.6741353870599 -1010.8339926281658 -45.49153521113314 
-1056.1722720707598 -1040.785374893442 -20.206364112477775 
0.46393709916296744 -24.075469831529112 -1055.6086544688374 
-1033.9785915599232 -38.92703771188832 -1071.2651440763607 
-10.546192916693428 -1038.283334563013 -1060.8138036500573 
-1065.5016865109972 -1065.901500447505 -1069.227209742272 
1.02006197627983 -11.891986811737784 -8.586827751346283 
-1042.0012055673183 -10.815118626117055 -27.652504959625116 
-47.923940517170394 -1071.480067897741 -23.429488704544738 
-1058.9920381399797 -1052.9287066588286 -23.153789057934684 
-0.5855701396851352 -19.10430099926197 -1051.35487062362 
-1027.8478092465757 -24.178433932107147 -1069.4261283658263 
-40.664108929086126 -1068.6133487114066 -1070.1411812253589 
-1037.5288896954694 -1065.1046747322118 -1066.887620019284 
0.0 0.0 0.0 
0.0 0.0 0.0 
0.0 0.0 0.0 
0.0 0.0 0.0 
0.0 0.0 0.0 
0.0 0.0 0.0 
0.0 0.0 0.0 
0.0 0.0 0.0 
-15.02969098185649 -11.599975843351357 6.048936904188345 
-1069.8566401869416 -34.453487619399176 299.33152235149345 
-31.939285549529014 -1070.114405673854 -23.583191426577883 
-1069.3512567354073 -1069.3551908753202 8.084950977830694 
-0.39825537118158727 -6.9087048569799485 -1037.741241514229 
-1070.0381251335334 -43.89076537373042 -1040.265579688225 
-24.81500853212288 -1068.9271118038205 -1060.677324566507 
-1068.4709796302227 -1069.7276849743862 -1047.5646750886287 
0.1526199521606525 0.7406510135955839 -0.6197527864798764 
-1070.147747720368 -23.833962122679804 -8.720581817482868 
-31.222301741955665 -1029.68352921527 -56.004551792310664 
-1049.0663264369095 -1035.6976955436103 -3.1106890426378393 
0.8767759042257123 -15.873657924375989 -1044.278581616777 
-1069.9892947259336 -32.908574649530514 -1036.5732631077246 
-29.524230621027076 -1046.6114478553081 -1060.1773669934255 
-1059.1582709939066 -1061.7653961742885 -1047.2378549271853 
-7.691007757904064 -17.847578531626954 0.6836940950284929 
-1067.6758210091436 -23.301431243347743 -10.650455870053582 
-39.510344465546666 -1069.5287033434888 -35.71600171194481 
-1068.5570763926548 -1069.2551250012252 -24.6278750761874 
-0.3010937234686042 -39.846973109513115 -1047.2865421721117 
-1071.455590402507 -39.293744280794456 -1047.0285973284504 
-31.73298075118661 -1038.1768268397104 -1061.9819520142282 
-1069.5303059709408 -1068.4142668467616 -1052.9257132588914 
0.0 0.0 0.0 
0.0 0.0 0.0 
0.0 0.0 0.0 
0.0 0.0 0.0 
0.0 0.0 0.0 
0.0 0.0 0.0 
0.0 0.0 0.0 
0.0 0.0 0.0 
0.0 0.0 0.0 
0.0 0.0 0.0 
0.0 0.0 0.0 
0.0 0.0 0.0 
0.0 0.0 0.0 
0.0 0.0 0.0 
0.0 0.0 0.0 
0.0 0.0 0.0 
0.0 0.0 0.0 
0.0 0.0 0.0 
0.0 0.0 0.0 
0.0 0.0 0.0 
0.0 0.0 0.0 
0.0 0.0 0.0 
0.0 0.0 0.0 
0.0 0.0 0.0 
0.0 0.0 0.0 
0.0 0.0 0.0 
0.0 0.0 0.0 
0.0 0.0 0.0 
0.0 0.0 0.0 
0.0 0.0 0.0 
0.0 0.0 0.0 
0.0 0.0 0.0 
0.0 0.0 0.0 
0.0 0.0 0.0 
0.0 0.0 0.0 
0.0 0.0 0.0 
0.0 0.0 0.0 
0.0 0.0 0.0 
0.0 0.0 0.0 
0.0 0.0 0.0 
